         0          0  21.98  102.64   15.53 0.0 0.0 0.0 0.0          1
         0          0  21.74  103.31   12.30 0.0 0.0 0.0 0.0          2
         0          0  22.28  103.25   10.98 0.0 0.0 0.0 0.0          3
         0          0  21.68  103.44   12.32 0.0 0.0 0.0 0.0          4
         0          0  22.70  103.30   10.60 0.0 0.0 0.0 0.0          5
         0          0  22.27  104.23   16.46 0.0 0.0 0.0 0.0          6
         0          0  21.22  103.35   22.88 0.0 0.0 0.0 0.0          7
         0          0  21.49  103.28   11.97 0.0 0.0 0.0 0.0          8
         0          0  21.39  103.00    8.86 0.0 0.0 0.0 0.0          9
         0          0  22.09  103.48   14.20 0.0 0.0 0.0 0.0         10
         0          0  21.69  103.35    6.41 0.0 0.0 0.0 0.0         11
         0          0  21.69  103.35    5.00 0.0 0.0 0.0 0.0         12
         0          0  21.27  102.88   17.88 0.0 0.0 0.0 0.0         13
         0          0  20.85  103.28   13.59 0.0 0.0 0.0 0.0         15
         0          0  20.79  103.03   17.62 0.0 0.0 0.0 0.0         16
         0          0  21.35  102.90    4.40 0.0 0.0 0.0 0.0         17
         0          0  21.91  102.54   19.98 0.0 0.0 0.0 0.0         18
         0          0  21.03  104.49   19.04 0.0 0.0 0.0 0.0         19
         0          0  21.47  104.00   15.00 0.0 0.0 0.0 0.0         20
         0          0  21.65  103.45   11.86 0.0 0.0 0.0 0.0         21
         0          0  24.96  106.13   12.59 0.0 0.0 0.0 0.0         22
         0          0  22.21  102.87    0.29 0.0 0.0 0.0 0.0         23
         0          0  22.67  101.57   15.29 0.0 0.0 0.0 0.0         24
         0          0  23.37  102.26    8.88 0.0 0.0 0.0 0.0         25
         0          0  20.75  103.13    2.38 0.0 0.0 0.0 0.0         26
         0          0  20.88  103.21   10.51 0.0 0.0 0.0 0.0         27
         0          0  22.70  103.07   24.81 0.0 0.0 0.0 0.0         28
         0          0  22.75  100.69   11.71 0.0 0.0 0.0 0.0         29
         0          0  22.61  102.07   32.51 0.0 0.0 0.0 0.0         30
         0          0  20.53  101.21   28.11 0.0 0.0 0.0 0.0         31
         0          0  20.56  100.79    9.54 0.0 0.0 0.0 0.0         32
         0          0  20.65  100.50    5.27 0.0 0.0 0.0 0.0         33
         0          0  20.52  101.40   31.30 0.0 0.0 0.0 0.0         34
         0          0  20.99  100.96   14.74 0.0 0.0 0.0 0.0         35
         0          0  20.52  101.15   26.68 0.0 0.0 0.0 0.0         36
         0          0  20.58  101.20   21.31 0.0 0.0 0.0 0.0         37
         0          0  20.42  100.89   15.00 0.0 0.0 0.0 0.0         38
         0          0  20.53  101.22   27.89 0.0 0.0 0.0 0.0         39
         0          0  20.50  101.25   26.51 0.0 0.0 0.0 0.0         40
         0          0  20.71  101.13   24.88 0.0 0.0 0.0 0.0         41
         0          0  21.28  102.75   11.88 0.0 0.0 0.0 0.0         42
         0          0  20.80  101.39   11.45 0.0 0.0 0.0 0.0         43
         0          0  20.77  100.90   17.57 0.0 0.0 0.0 0.0         44
         0          0  20.56  101.40   32.39 0.0 0.0 0.0 0.0         45
         0          0  20.52  101.11   22.07 0.0 0.0 0.0 0.0         46
         0          0  20.57  101.37   30.77 0.0 0.0 0.0 0.0         47
         0          0  20.57  101.39   31.63 0.0 0.0 0.0 0.0         48
         0          0  20.50  101.22   15.30 0.0 0.0 0.0 0.0         49
         0          0  20.45  101.22   24.15 0.0 0.0 0.0 0.0         50
         0          0  22.46  107.48   25.79 0.0 0.0 0.0 0.0         51
         0          0  22.95  101.40   14.04 0.0 0.0 0.0 0.0         52
         0          0  22.93  101.58   22.37 0.0 0.0 0.0 0.0         53
         0          0  23.05  101.60   12.59 0.0 0.0 0.0 0.0         54
         0          0  22.95  101.91   23.10 0.0 0.0 0.0 0.0         55
         0          0  21.92  103.02    8.92 0.0 0.0 0.0 0.0         56
         0          0  20.62  101.15   22.67 0.0 0.0 0.0 0.0         57
         0          0  23.54  103.45    8.89 0.0 0.0 0.0 0.0         58
         0          0  21.57  100.02   13.40 0.0 0.0 0.0 0.0         60
         0          0  21.55  100.29   23.93 0.0 0.0 0.0 0.0         61
         0          0  21.28  104.08    8.54 0.0 0.0 0.0 0.0         62
         0          0  23.19  102.11   16.71 0.0 0.0 0.0 0.0         63
         0          0  20.86  100.45    3.66 0.0 0.0 0.0 0.0         64
         0          0  24.09  103.98    2.41 0.0 0.0 0.0 0.0         65
         0          0  23.89  103.95   18.71 0.0 0.0 0.0 0.0         66
         0          0  21.33  102.90   10.80 0.0 0.0 0.0 0.0         67
         0          0  24.94  100.90   17.58 0.0 0.0 0.0 0.0         68
         0          0  24.14  105.26   11.12 0.0 0.0 0.0 0.0         69
         0          0  23.24  105.57   11.83 0.0 0.0 0.0 0.0         70
         0          0  24.02  104.00   14.24 0.0 0.0 0.0 0.0         71
         0          0  20.53  100.80    9.26 0.0 0.0 0.0 0.0         72
         0          0  21.37  100.16   21.41 0.0 0.0 0.0 0.0         73
         0          0  24.21  103.98    0.48 0.0 0.0 0.0 0.0         74
         0          0  23.09  101.36   16.96 0.0 0.0 0.0 0.0         75
         0          0  22.03  102.53   29.31 0.0 0.0 0.0 0.0         76
         0          0  20.55  101.04   18.53 0.0 0.0 0.0 0.0         77
         0          0  24.17  103.94    8.30 0.0 0.0 0.0 0.0         78
         0          0  20.47  100.73    5.02 0.0 0.0 0.0 0.0         79
         0          0  21.41  102.64   20.74 0.0 0.0 0.0 0.0         80
         0          0  21.98  102.92   16.73 0.0 0.0 0.0 0.0         81
         0          0  21.08  107.24   17.12 0.0 0.0 0.0 0.0         82
         0          0  23.00  105.46   31.48 0.0 0.0 0.0 0.0         83
         0          0  21.56  103.41   14.55 0.0 0.0 0.0 0.0         84
         0          0  21.36  102.96   12.42 0.0 0.0 0.0 0.0         85
         0          0  21.64  103.35    1.30 0.0 0.0 0.0 0.0         86
         0          0  22.77  104.20   11.29 0.0 0.0 0.0 0.0         87
         0          0  23.39  102.88    9.88 0.0 0.0 0.0 0.0         88
         0          0  24.50  106.50   30.84 0.0 0.0 0.0 0.0         89
         0          0  21.35  103.07    2.26 0.0 0.0 0.0 0.0         90
         0          0  20.98  104.57   14.52 0.0 0.0 0.0 0.0         91
         0          0  24.50  104.45   12.92 0.0 0.0 0.0 0.0         92
         0          0  21.17  104.12   21.51 0.0 0.0 0.0 0.0         93
         0          0  22.49  103.64   13.14 0.0 0.0 0.0 0.0         94
         0          0  21.95  103.45   10.00 0.0 0.0 0.0 0.0         95
         0          0  23.00  102.73   24.46 0.0 0.0 0.0 0.0         96
         0          0  23.09  104.07   10.67 0.0 0.0 0.0 0.0         97
         0          0  23.45  103.70   26.57 0.0 0.0 0.0 0.0         98
         0          0  21.90  103.07   18.10 0.0 0.0 0.0 0.0         99
         0          0  21.68  103.42   18.28 0.0 0.0 0.0 0.0        100
         0          0  22.68  103.23    0.39 0.0 0.0 0.0 0.0        101
         0          0  23.52  103.49    7.65 0.0 0.0 0.0 0.0        103
         0          0  20.50  101.93   32.65 0.0 0.0 0.0 0.0        104
         0          0  23.62  101.74   18.98 0.0 0.0 0.0 0.0        105
         0          0  22.34  102.60    7.54 0.0 0.0 0.0 0.0        106
         0          0  22.68  100.94   28.79 0.0 0.0 0.0 0.0        107
         0          0  22.74  103.57   23.52 0.0 0.0 0.0 0.0        108
         0          0  21.99  102.24    6.69 0.0 0.0 0.0 0.0        109
         0          0  22.80  104.17    4.82 0.0 0.0 0.0 0.0        110
         0          0  23.10  104.06   10.62 0.0 0.0 0.0 0.0        111
         0          0  22.89  104.25   10.69 0.0 0.0 0.0 0.0        112
         0          0  22.52  102.16   14.52 0.0 0.0 0.0 0.0        113
         0          0  23.17  101.95   14.42 0.0 0.0 0.0 0.0        114
         0          0  21.89  103.09   22.90 0.0 0.0 0.0 0.0        115
         0          0  23.10  104.39   23.93 0.0 0.0 0.0 0.0        116
         0          0  20.77  104.10   17.78 0.0 0.0 0.0 0.0        117
         0          0  21.52  102.05    3.94 0.0 0.0 0.0 0.0        118
         0          0  21.40  102.18   28.35 0.0 0.0 0.0 0.0        119
         0          0  21.58  101.86    9.71 0.0 0.0 0.0 0.0        120
         0          0  23.15  103.26   28.96 0.0 0.0 0.0 0.0        121
         0          0  23.06  101.87   27.26 0.0 0.0 0.0 0.0        122
         0          0  22.92  101.70   23.13 0.0 0.0 0.0 0.0        123
         0          0  21.36  103.55   17.14 0.0 0.0 0.0 0.0        124
         0          0  20.46  101.26   29.13 0.0 0.0 0.0 0.0        125
         0          0  22.31  102.80   18.14 0.0 0.0 0.0 0.0        126
         0          0  22.84  103.41   32.14 0.0 0.0 0.0 0.0        127
         0          0  21.26  101.81    0.34 0.0 0.0 0.0 0.0        128
         0          0  21.31  102.98   15.92 0.0 0.0 0.0 0.0        129
         0          0  20.96  102.52   26.42 0.0 0.0 0.0 0.0        130
         0          0  20.77  102.26   12.41 0.0 0.0 0.0 0.0        132
         0          0  20.76  102.06    4.23 0.0 0.0 0.0 0.0        133
         0          0  24.31  101.53   31.76 0.0 0.0 0.0 0.0        134
         0          0  20.81  102.02    0.59 0.0 0.0 0.0 0.0        135
         0          0  21.03  103.17   23.06 0.0 0.0 0.0 0.0        136
         0          0  20.74  102.48   20.85 0.0 0.0 0.0 0.0        137
         0          0  21.30  104.14   19.59 0.0 0.0 0.0 0.0        138
         0          0  21.31  104.15   17.88 0.0 0.0 0.0 0.0        139
         0          0  21.33  104.15   17.26 0.0 0.0 0.0 0.0        140
         0          0  21.32  104.14   10.09 0.0 0.0 0.0 0.0        141
         0          0  22.64  103.88   20.63 0.0 0.0 0.0 0.0        142
         0          0  22.74  101.50    9.76 0.0 0.0 0.0 0.0        143
         0          0  22.48  102.86   30.08 0.0 0.0 0.0 0.0        144
         0          0  22.61  102.89   22.11 0.0 0.0 0.0 0.0        145
         0          0  21.05  104.08   26.45 0.0 0.0 0.0 0.0        147
         0          0  24.45  101.39   17.78 0.0 0.0 0.0 0.0        148
         0          0  20.90  104.62   16.79 0.0 0.0 0.0 0.0        149
         0          0  23.88  103.14   31.11 0.0 0.0 0.0 0.0        150
         0          0  20.90  104.79    6.62 0.0 0.0 0.0 0.0        151
         0          0  19.97  101.10   14.71 0.0 0.0 0.0 0.0        152
         0          0  21.53  100.25   26.68 0.0 0.0 0.0 0.0        153
         0          0  21.09  107.31    7.44 0.0 0.0 0.0 0.0        154
         0          0  20.57  104.83    8.09 0.0 0.0 0.0 0.0        155
         0          0  21.73  103.42    4.96 0.0 0.0 0.0 0.0        156
         0          0  21.61  103.46   10.06 0.0 0.0 0.0 0.0        157
         0          0  24.62  101.65    1.13 0.0 0.0 0.0 0.0        158
         0          0  21.42  101.99   16.54 0.0 0.0 0.0 0.0        159
         0          0  19.06  105.33    8.88 0.0 0.0 0.0 0.0        160
         0          0  19.02  105.32    1.70 0.0 0.0 0.0 0.0        161
         0          0  19.24  105.33    3.98 0.0 0.0 0.0 0.0        162
         0          0  22.95  104.14    8.71 0.0 0.0 0.0 0.0        163
         0          0  22.74  104.18   17.84 0.0 0.0 0.0 0.0        164
         0          0  22.94  104.09    6.54 0.0 0.0 0.0 0.0        165
         0          0  20.63  103.94    0.54 0.0 0.0 0.0 0.0        166
         0          0  20.94  106.99   18.50 0.0 0.0 0.0 0.0        167
         0          0  21.13  107.25   26.57 0.0 0.0 0.0 0.0        168
         0          0  21.39  104.07   17.00 0.0 0.0 0.0 0.0        169
         0          0  19.54  104.30   19.30 0.0 0.0 0.0 0.0        170
         0          0  21.12  106.84    4.43 0.0 0.0 0.0 0.0        171
         0          0  21.15  106.90    9.86 0.0 0.0 0.0 0.0        172
         0          0  21.14  106.77    6.06 0.0 0.0 0.0 0.0        173
         0          0  21.01  107.02    8.95 0.0 0.0 0.0 0.0        174
         0          0  22.52  102.17   14.30 0.0 0.0 0.0 0.0        175
         0          0  21.06  106.69   19.94 0.0 0.0 0.0 0.0        176
         0          0  21.05  106.90    6.71 0.0 0.0 0.0 0.0        177
         0          0  20.57  106.18   14.57 0.0 0.0 0.0 0.0        178
         0          0  21.57  105.86    1.67 0.0 0.0 0.0 0.0        179
         0          0  21.01  105.32   15.55 0.0 0.0 0.0 0.0        180
         0          0  21.58  105.86   15.58 0.0 0.0 0.0 0.0        181
         0          0  21.66  105.76   13.63 0.0 0.0 0.0 0.0        182
         0          0  20.56  102.71   15.45 0.0 0.0 0.0 0.0        183
         0          0  23.17  104.16    7.62 0.0 0.0 0.0 0.0        184
         0          0  22.96  104.98    4.01 0.0 0.0 0.0 0.0        185
         0          0  22.75  105.50   32.84 0.0 0.0 0.0 0.0        186
         0          0  21.89  105.64    0.92 0.0 0.0 0.0 0.0        187
         0          0  22.54  107.72   20.64 0.0 0.0 0.0 0.0        188
         0          0  20.56  105.96   18.93 0.0 0.0 0.0 0.0        189
         0          0  21.02  105.34   17.18 0.0 0.0 0.0 0.0        190
         0          0  21.54  105.74   20.43 0.0 0.0 0.0 0.0        191
         0          0  20.88  107.62   12.25 0.0 0.0 0.0 0.0        192
         0          0  20.21  105.88   15.90 0.0 0.0 0.0 0.0        193
         0          0  20.33  105.96   10.28 0.0 0.0 0.0 0.0        194
         0          0  20.53  105.89   10.87 0.0 0.0 0.0 0.0        195
         0          0  20.51  105.91   17.70 0.0 0.0 0.0 0.0        196
         0          0  20.59  105.98   16.08 0.0 0.0 0.0 0.0        197
         0          0  21.89  107.11   16.79 0.0 0.0 0.0 0.0        198
         0          0  21.03  105.40    2.80 0.0 0.0 0.0 0.0        199
         0          0  21.00  106.91    9.09 0.0 0.0 0.0 0.0        200
         0          0  21.42  106.00    5.90 0.0 0.0 0.0 0.0        201
         0          0  23.31  104.14    2.86 0.0 0.0 0.0 0.0        202
         0          0  22.89  104.57   26.91 0.0 0.0 0.0 0.0        203
         0          0  23.23  104.13    1.02 0.0 0.0 0.0 0.0        204
         0          0  23.30  104.16    0.95 0.0 0.0 0.0 0.0        205
         0          0  20.07  105.89   24.97 0.0 0.0 0.0 0.0        206
         0          0  20.59  105.82   16.21 0.0 0.0 0.0 0.0        207
         0          0  20.62  106.16   22.19 0.0 0.0 0.0 0.0        208
         0          0  23.06  104.47   16.32 0.0 0.0 0.0 0.0        209
         0          0  23.16  104.11    8.04 0.0 0.0 0.0 0.0        210
         0          0  23.09  104.20    2.25 0.0 0.0 0.0 0.0        211
         0          0  23.17  104.23    2.81 0.0 0.0 0.0 0.0        212
         0          0  22.87  104.21   11.61 0.0 0.0 0.0 0.0        213
         0          0  20.60  106.02   21.39 0.0 0.0 0.0 0.0        214
         0          0  20.46  105.88   17.81 0.0 0.0 0.0 0.0        215
         0          0  21.50  105.80   10.18 0.0 0.0 0.0 0.0        216
         0          0  21.83  105.48   17.05 0.0 0.0 0.0 0.0        217
         0          0  21.64  105.70   17.25 0.0 0.0 0.0 0.0        218
         0          0  21.00  105.33   12.77 0.0 0.0 0.0 0.0        219
         0          0  24.05  103.94   23.28 0.0 0.0 0.0 0.0        220
         0          0  20.97  105.32    6.91 0.0 0.0 0.0 0.0        221
         0          0  21.07  106.93    6.63 0.0 0.0 0.0 0.0        222
         0          0  21.00  106.84    3.59 0.0 0.0 0.0 0.0        223
         0          0  22.03  105.51    9.71 0.0 0.0 0.0 0.0        224
         0          0  23.21  104.24    7.04 0.0 0.0 0.0 0.0        225
         0          0  21.07  106.66   10.59 0.0 0.0 0.0 0.0        226
         0          0  21.06  106.91   17.68 0.0 0.0 0.0 0.0        227
         0          0  20.21  106.06   14.50 0.0 0.0 0.0 0.0        228
         0          0  22.89  104.55    3.92 0.0 0.0 0.0 0.0        229
         0          0  20.95  107.25   17.66 0.0 0.0 0.0 0.0        230
         0          0  21.42  105.81    0.14 0.0 0.0 0.0 0.0        231
         0          0  21.06  107.03   25.08 0.0 0.0 0.0 0.0        232
         0          0  21.11  106.70    4.05 0.0 0.0 0.0 0.0        233
         0          0  21.02  107.08   17.66 0.0 0.0 0.0 0.0        234
         0          0  23.22  107.24   22.41 0.0 0.0 0.0 0.0        235
         0          0  21.08  106.67   11.22 0.0 0.0 0.0 0.0        236
         0          0  21.61  105.75    3.86 0.0 0.0 0.0 0.0        237
         0          0  21.01  107.06   12.10 0.0 0.0 0.0 0.0        238
         0          0  21.74  107.86    3.49 0.0 0.0 0.0 0.0        239
         0          0  20.38  106.01   13.79 0.0 0.0 0.0 0.0        240
         0          0  20.43  106.03   11.76 0.0 0.0 0.0 0.0        241
         0          0  23.80  103.45    2.38 0.0 0.0 0.0 0.0        242
         0          0  21.04  106.81   19.27 0.0 0.0 0.0 0.0        243
         0          0  21.06  107.32    2.64 0.0 0.0 0.0 0.0        244
         0          0  21.14  106.79    4.22 0.0 0.0 0.0 0.0        245
         0          0  21.47  105.57   18.71 0.0 0.0 0.0 0.0        246
         0          0  23.25  104.11    7.84 0.0 0.0 0.0 0.0        247
         0          0  22.65  104.25    5.37 0.0 0.0 0.0 0.0        248
         0          0  22.18  102.89   14.68 0.0 0.0 0.0 0.0        249
         0          0  21.90  103.12   23.92 0.0 0.0 0.0 0.0        250
         0          0  23.24  101.98   10.94 0.0 0.0 0.0 0.0        251
         0          0  20.86  105.69   13.40 0.0 0.0 0.0 0.0        252
         0          0  20.49  105.84    1.94 0.0 0.0 0.0 0.0        253
         0          0  21.59  105.75    0.33 0.0 0.0 0.0 0.0        254
         0          0  24.31  104.43    4.45 0.0 0.0 0.0 0.0        255
         0          0  20.40  105.83   12.23 0.0 0.0 0.0 0.0        256
         0          0  20.40  105.83   12.41 0.0 0.0 0.0 0.0        257
         0          0  20.49  105.82    7.67 0.0 0.0 0.0 0.0        258
         0          0  21.12  107.04   23.16 0.0 0.0 0.0 0.0        259
         0          0  22.61  102.93    4.40 0.0 0.0 0.0 0.0        260
         0          0  20.56  105.89    6.78 0.0 0.0 0.0 0.0        261
         0          0  20.95  107.44   11.52 0.0 0.0 0.0 0.0        262
         0          0  22.09  104.49   13.95 0.0 0.0 0.0 0.0        263
         0          0  21.13  105.36   11.40 0.0 0.0 0.0 0.0        264
         0          0  21.13  105.36   11.56 0.0 0.0 0.0 0.0        265
         0          0  21.04  107.01   12.59 0.0 0.0 0.0 0.0        266
         0          0  21.04  107.01   12.92 0.0 0.0 0.0 0.0        267
         0          0  20.14  106.90   21.72 0.0 0.0 0.0 0.0        268
         0          0  21.56  106.11    7.68 0.0 0.0 0.0 0.0        269
         0          0  21.02  107.13   16.69 0.0 0.0 0.0 0.0        270
         0          0  21.83  106.17   17.31 0.0 0.0 0.0 0.0        271
         0          0  21.08  106.63    2.70 0.0 0.0 0.0 0.0        272
         0          0  21.05  105.72   25.30 0.0 0.0 0.0 0.0        273
         0          0  20.33  105.79    6.95 0.0 0.0 0.0 0.0        274
         0          0  21.04  107.01   19.47 0.0 0.0 0.0 0.0        275
         0          0  23.30  103.44   25.18 0.0 0.0 0.0 0.0        276
         0          0  20.42  105.80   12.01 0.0 0.0 0.0 0.0        277
         0          0  21.04  106.79    8.03 0.0 0.0 0.0 0.0        278
         0          0  21.08  106.96   12.57 0.0 0.0 0.0 0.0        279
         0          0  24.12  102.35    4.94 0.0 0.0 0.0 0.0        280
         0          0  20.93  100.73   31.07 0.0 0.0 0.0 0.0        281
         0          0  20.54  105.77    1.68 0.0 0.0 0.0 0.0        282
         0          0  21.09  106.86   18.24 0.0 0.0 0.0 0.0        283
         0          0  21.73  103.39   31.54 0.0 0.0 0.0 0.0        284
         0          0  21.72  103.41   15.10 0.0 0.0 0.0 0.0        285
         0          0  21.03  107.39    7.02 0.0 0.0 0.0 0.0        286
         0          0  20.08  104.83    0.10 0.0 0.0 0.0 0.0        287
         0          0  23.52  102.62    1.34 0.0 0.0 0.0 0.0        288
         0          0  21.07  106.82    6.86 0.0 0.0 0.0 0.0        289
         0          0  21.14  106.68    2.44 0.0 0.0 0.0 0.0        290
         0          0  21.14  106.68    2.45 0.0 0.0 0.0 0.0        291
         0          0  21.33  105.65   26.67 0.0 0.0 0.0 0.0        292
         0          0  20.88  103.25    0.01 0.0 0.0 0.0 0.0        293
         0          0  21.42  102.98    0.33 0.0 0.0 0.0 0.0        294
         0          0  21.48  103.99   18.29 0.0 0.0 0.0 0.0        295
         0          0  20.92  106.81    0.63 0.0 0.0 0.0 0.0        296
         0          0  21.06  106.95   14.05 0.0 0.0 0.0 0.0        297
         0          0  21.12  106.94    0.48 0.0 0.0 0.0 0.0        298
         0          0  21.13  106.84    8.84 0.0 0.0 0.0 0.0        299
         0          0  20.57  105.89    1.25 0.0 0.0 0.0 0.0        300
         0          0  21.14  106.83   16.19 0.0 0.0 0.0 0.0        301
         0          0  21.03  106.01    0.01 0.0 0.0 0.0 0.0        302
         0          0  21.59  105.79   15.51 0.0 0.0 0.0 0.0        303
         0          0  21.51  105.76   17.39 0.0 0.0 0.0 0.0        304
         0          0  20.53  105.82    0.00 0.0 0.0 0.0 0.0        305
         0          0  20.63  105.97    8.18 0.0 0.0 0.0 0.0        306
         0          0  20.48  105.85   14.59 0.0 0.0 0.0 0.0        307
         0          0  21.13  106.79    3.33 0.0 0.0 0.0 0.0        308
         0          0  20.54  105.85   13.59 0.0 0.0 0.0 0.0        309
         0          0  22.05  101.94   31.54 0.0 0.0 0.0 0.0        310
         0          0  21.39  103.37   11.80 0.0 0.0 0.0 0.0        311
         0          0  21.50  105.77   17.25 0.0 0.0 0.0 0.0        312
         0          0  20.50  105.84    1.67 0.0 0.0 0.0 0.0        313
         0          0  20.93  107.57   14.34 0.0 0.0 0.0 0.0        314
         0          0  21.00  106.88    2.59 0.0 0.0 0.0 0.0        316
         0          0  21.57  105.80   20.23 0.0 0.0 0.0 0.0        317
         0          0  21.63  105.74   29.07 0.0 0.0 0.0 0.0        318
         0          0  21.04  106.97   16.77 0.0 0.0 0.0 0.0        319
         0          0  20.76  103.14    2.51 0.0 0.0 0.0 0.0        320
         0          0  21.01  105.39   20.60 0.0 0.0 0.0 0.0        321
         0          0  20.79  100.94   30.23 0.0 0.0 0.0 0.0        322
         0          0  20.50  100.72    5.69 0.0 0.0 0.0 0.0        323
         0          0  20.58  100.59    4.62 0.0 0.0 0.0 0.0        324
         0          0  20.67  101.04    3.85 0.0 0.0 0.0 0.0        325
         0          0  21.13  101.03   21.13 0.0 0.0 0.0 0.0        326
         0          0  20.63  100.93   14.53 0.0 0.0 0.0 0.0        327
         0          0  20.91  107.03   12.66 0.0 0.0 0.0 0.0        328
         0          0  20.47  105.82    7.19 0.0 0.0 0.0 0.0        329
         0          0  23.31  101.56   20.04 0.0 0.0 0.0 0.0        330
         0          0  22.99  101.48   23.91 0.0 0.0 0.0 0.0        331
         0          0  22.14  102.84   27.45 0.0 0.0 0.0 0.0        332
         0          0  20.99  107.19    1.91 0.0 0.0 0.0 0.0        333
         0          0  23.41  103.46   20.19 0.0 0.0 0.0 0.0        334
         0          0  20.52  106.18    2.67 0.0 0.0 0.0 0.0        335
         0          0  21.35  104.09    7.72 0.0 0.0 0.0 0.0        336
         0          0  21.14  106.80   18.74 0.0 0.0 0.0 0.0        337
         0          0  20.24  100.82    4.33 0.0 0.0 0.0 0.0        338
         0          0  23.53  101.49   16.86 0.0 0.0 0.0 0.0        339
         0          0  20.34  100.86    9.14 0.0 0.0 0.0 0.0        340
         0          0  20.77  100.75   11.18 0.0 0.0 0.0 0.0        341
         0          0  20.32  100.62    4.27 0.0 0.0 0.0 0.0        342
         0          0  20.66  103.07   12.31 0.0 0.0 0.0 0.0        343
         0          0  24.02  104.04    7.39 0.0 0.0 0.0 0.0        344
         0          0  20.44  100.81   14.58 0.0 0.0 0.0 0.0        345
         0          0  24.23  103.93    4.86 0.0 0.0 0.0 0.0        346
         0          0  21.39  102.92    1.99 0.0 0.0 0.0 0.0        347
         0          0  23.92  105.24    0.53 0.0 0.0 0.0 0.0        348
         0          0  20.42  100.71    0.80 0.0 0.0 0.0 0.0        349
         0          0  23.89  104.03   12.34 0.0 0.0 0.0 0.0        350
         0          0  23.95  104.00    9.23 0.0 0.0 0.0 0.0        351
         0          0  20.62  103.06    4.22 0.0 0.0 0.0 0.0        352
         0          0  24.03  103.99    9.80 0.0 0.0 0.0 0.0        353
         0          0  20.38  105.87   15.70 0.0 0.0 0.0 0.0        354
         0          0  22.26  105.31   14.04 0.0 0.0 0.0 0.0        355
         0          0  21.94  102.97   12.84 0.0 0.0 0.0 0.0        356
         0          0  21.44  105.92   17.44 0.0 0.0 0.0 0.0        357
         0          0  20.43  105.84    0.11 0.0 0.0 0.0 0.0        358
         0          0  20.18  105.81    0.07 0.0 0.0 0.0 0.0        359
         0          0  20.17  106.00    7.56 0.0 0.0 0.0 0.0        360
         0          0  20.44  105.82    8.15 0.0 0.0 0.0 0.0        361
         0          0  22.52  102.73   24.32 0.0 0.0 0.0 0.0        362
         0          0  21.54  105.77   19.59 0.0 0.0 0.0 0.0        363
         0          0  21.14  105.70    0.10 0.0 0.0 0.0 0.0        364
         0          0  21.03  107.07   14.06 0.0 0.0 0.0 0.0        365
         0          0  20.51  105.89   16.91 0.0 0.0 0.0 0.0        366
         0          0  21.43  105.82    0.03 0.0 0.0 0.0 0.0        367
         0          0  20.87  105.75   20.80 0.0 0.0 0.0 0.0        368
         0          0  20.55  105.89   12.95 0.0 0.0 0.0 0.0        369
         0          0  20.43  105.82    0.13 0.0 0.0 0.0 0.0        370
         0          0  20.71  105.16    0.01 0.0 0.0 0.0 0.0        371
         0          0  20.85  105.74   20.37 0.0 0.0 0.0 0.0        372
         0          0  20.56  105.86    2.12 0.0 0.0 0.0 0.0        373
         0          0  21.62  103.43   17.10 0.0 0.0 0.0 0.0        374
         0          0  20.56  105.89   11.92 0.0 0.0 0.0 0.0        375
         0          0  20.96  105.50   15.74 0.0 0.0 0.0 0.0        376
         0          0  20.91  105.47    0.10 0.0 0.0 0.0 0.0        377
         0          0  20.96  105.50   15.33 0.0 0.0 0.0 0.0        378
         0          0  20.38  100.80    3.31 0.0 0.0 0.0 0.0        379
         0          0  20.48  105.85    5.17 0.0 0.0 0.0 0.0        380
         0          0  20.62  105.96   13.84 0.0 0.0 0.0 0.0        381
         0          0  21.35  104.84    0.00 0.0 0.0 0.0 0.0        382
         0          0  20.47  107.84    6.83 0.0 0.0 0.0 0.0        383
         0          0  21.21  107.02   20.43 0.0 0.0 0.0 0.0        384
         0          0  20.55  105.87   15.06 0.0 0.0 0.0 0.0        385
         0          0  21.70  105.75    0.10 0.0 0.0 0.0 0.0        386
         0          0  23.93  103.02    8.15 0.0 0.0 0.0 0.0        387
         0          0  23.04  104.19   13.87 0.0 0.0 0.0 0.0        388
         0          0  21.36  107.25   10.01 0.0 0.0 0.0 0.0        389
         0          0  21.72  103.46   13.38 0.0 0.0 0.0 0.0        390
         0          0  23.15  103.59   23.12 0.0 0.0 0.0 0.0        391
         0          0  22.01  103.55   11.68 0.0 0.0 0.0 0.0        392
         0          0  21.59  105.76   14.71 0.0 0.0 0.0 0.0        393
         0          0  21.56  105.67   12.67 0.0 0.0 0.0 0.0        394
         0          0  21.17  104.14   28.00 0.0 0.0 0.0 0.0        395
         0          0  21.87  104.79   15.62 0.0 0.0 0.0 0.0        396
         0          0  21.59  102.83   27.38 0.0 0.0 0.0 0.0        397
         0          0  22.93  103.37   26.11 0.0 0.0 0.0 0.0        398
         0          0  20.20  104.31    5.47 0.0 0.0 0.0 0.0        399
         0          0  21.10  104.87    8.71 0.0 0.0 0.0 0.0        400
         0          0  21.12  106.06   17.88 0.0 0.0 0.0 0.0        401
         0          0  21.77  105.09   15.78 0.0 0.0 0.0 0.0        402
         0          0  20.57  103.47    5.39 0.0 0.0 0.0 0.0        403
         0          0  22.94  104.70    2.13 0.0 0.0 0.0 0.0        404
         0          0  21.11  104.87    9.28 0.0 0.0 0.0 0.0        405
         0          0  22.94  106.06   10.45 0.0 0.0 0.0 0.0        406
         0          0  21.33  104.63   17.63 0.0 0.0 0.0 0.0        407
         0          0  20.49  105.82   17.29 0.0 0.0 0.0 0.0        408
         0          0  21.64  105.79    4.75 0.0 0.0 0.0 0.0        409
         0          0  21.14  104.88   17.16 0.0 0.0 0.0 0.0        410
         0          0  21.61  106.12    9.36 0.0 0.0 0.0 0.0        411
         0          0  20.95  104.57    6.36 0.0 0.0 0.0 0.0        412
         0          0  21.13  104.84   32.54 0.0 0.0 0.0 0.0        413
         0          0  21.50  106.15   20.23 0.0 0.0 0.0 0.0        414
         0          0  20.71  105.01    3.90 0.0 0.0 0.0 0.0        415
         0          0  21.62  105.78    9.10 0.0 0.0 0.0 0.0        416
         0          0  22.98  103.05   11.29 0.0 0.0 0.0 0.0        417
         0          0  23.17  102.34   31.36 0.0 0.0 0.0 0.0        418
         0          0  22.31  103.32   29.49 0.0 0.0 0.0 0.0        419
         0          0  21.65  105.71    5.45 0.0 0.0 0.0 0.0        420
         0          0  23.69  105.94    1.80 0.0 0.0 0.0 0.0        421
         0          0  24.60  104.54   26.04 0.0 0.0 0.0 0.0        422
         0          0  20.76  104.90   28.49 0.0 0.0 0.0 0.0        424
         0          0  21.65  105.09   18.14 0.0 0.0 0.0 0.0        425
         0          0  21.69  105.00   19.53 0.0 0.0 0.0 0.0        426
         0          0  21.96  102.97    0.49 0.0 0.0 0.0 0.0        427
         0          0  21.14  106.71   14.47 0.0 0.0 0.0 0.0        428
         0          0  21.61  105.78    8.87 0.0 0.0 0.0 0.0        429
         0          0  21.58  104.01   23.17 0.0 0.0 0.0 0.0        430
         0          0  22.11  105.02   21.53 0.0 0.0 0.0 0.0        431
         0          0  21.81  106.26    8.90 0.0 0.0 0.0 0.0        432
         0          0  21.85  103.17    0.76 0.0 0.0 0.0 0.0        433
         0          0  21.55  106.09   14.59 0.0 0.0 0.0 0.0        434
         0          0  22.37  103.32    3.00 0.0 0.0 0.0 0.0        435
         0          0  21.38  103.07    0.68 0.0 0.0 0.0 0.0        436
         0          0  21.55  105.74   15.84 0.0 0.0 0.0 0.0        437
         0          0  20.83  104.90    7.23 0.0 0.0 0.0 0.0        438
         0          0  20.93  104.54    0.19 0.0 0.0 0.0 0.0        439
         0          0  22.61  106.32   24.75 0.0 0.0 0.0 0.0        440
         0          0  21.14  105.78   19.64 0.0 0.0 0.0 0.0        441
         0          0  21.13  104.76   20.52 0.0 0.0 0.0 0.0        442
         0          0  21.62  105.78    7.04 0.0 0.0 0.0 0.0        443
         0          0  20.14  104.90    4.40 0.0 0.0 0.0 0.0        444
         0          0  21.86  103.31    3.65 0.0 0.0 0.0 0.0        445
         0          0  22.69  103.32   25.22 0.0 0.0 0.0 0.0        446
         0          0  21.02  104.44    0.67 0.0 0.0 0.0 0.0        447
         0          0  22.41  103.73   22.14 0.0 0.0 0.0 0.0        448
         0          0  22.26  103.84   24.95 0.0 0.0 0.0 0.0        449
         0          0  22.96  104.03   15.80 0.0 0.0 0.0 0.0        450
         0          0  22.00  105.52   11.30 0.0 0.0 0.0 0.0        451
         0          0  20.32  104.96   16.21 0.0 0.0 0.0 0.0        452
         0          0  20.89  103.81   22.02 0.0 0.0 0.0 0.0        453
         0          0  20.86  103.44   15.58 0.0 0.0 0.0 0.0        454
         0          0  21.10  104.83    9.15 0.0 0.0 0.0 0.0        455
         0          0  23.86  103.12    7.97 0.0 0.0 0.0 0.0        456
         0          0  20.76  104.11    9.99 0.0 0.0 0.0 0.0        457
         0          0  19.28  105.47    9.10 0.0 0.0 0.0 0.0        458
         0          0  23.50  105.36    0.75 0.0 0.0 0.0 0.0        459
         0          0  21.66  105.74   14.38 0.0 0.0 0.0 0.0        460
         0          0  21.00  104.72    5.23 0.0 0.0 0.0 0.0        461
         0          0  22.49  103.59   20.43 0.0 0.0 0.0 0.0        462
         0          0  22.49  104.04   22.55 0.0 0.0 0.0 0.0        463
         0          0  19.34  105.70   15.18 0.0 0.0 0.0 0.0        464
         0          0  22.23  106.49    6.39 0.0 0.0 0.0 0.0        465
         0          0  19.49  105.77   12.29 0.0 0.0 0.0 0.0        466
         0          0  21.00  104.78    8.77 0.0 0.0 0.0 0.0        467
         0          0  21.66  105.70    5.09 0.0 0.0 0.0 0.0        468
         0          0  23.89  105.66   10.77 0.0 0.0 0.0 0.0        469
         0          0  19.70  105.67   10.72 0.0 0.0 0.0 0.0        470
         0          0  20.24  104.86    6.56 0.0 0.0 0.0 0.0        471
         0          0  23.31  104.87   27.55 0.0 0.0 0.0 0.0        472
         0          0  21.52  104.07   21.62 0.0 0.0 0.0 0.0        473
         0          0  22.98  104.16    9.43 0.0 0.0 0.0 0.0        474
