LCVB     22.0400 103.1600  205.0
DBVB     21.3900 103.0200  480.0
TGVB     21.5900 103.4200  574.0
SLVB     21.3300 103.9100  607.0
SPVB     22.3400 103.8400 1550.0
TTVB     21.4700 104.3800  675.0
MCVB     20.8400 104.6400  825.0
CBVB     22.6500 106.1900  222.0
HGVB     22.8400 104.9900  119.0
VTVB     22.2500 104.9000   71.0
BCVB     21.8900 105.7700   51.0
LSVB     21.8500 106.1900  285.0
BGVB     21.2900 106.2300   13.0
TIVB     21.3300 107.3900   37.0
PLVB     20.8000 106.6300    5.0
THVB     19.8500 105.7800    1.0
CCVB     19.0500 104.8800   30.0
DHVB     21.6300 105.1800   70.0
VIVB     18.6500 105.7000   -6.0
MTVB     21.5400 106.3400   44.0
LAVB     20.1500 105.2500   53.0
HN1B     21.0200 105.8000   39.0
TIYB     21.3300 107.3900   37.0
DSVB     20.5900 105.3400   87.0
HBVB     20.8400 105.7000   54.0
MLVB     21.5100 104.0300  179.0
HBV      20.8000 105.3400   54.0
TLV      20.8700 105.2600  115.0
PLV      20.8100 106.6300   90.0
YTV      21.1500 106.7200  900.0
DHV      21.6300 105.1800   70.0
SLV      21.3300 103.9100  700.0
MTV      21.5400 106.3400   44.0
DBV      21.3900 103.0200  480.0
HNV      20.9400 105.6900   50.0
BVV      21.1000 105.3700  182.0
BGV      21.2900 106.2300   15.0
DSV      20.5900 105.9700   60.0
LCV      22.0400 103.1500  250.0
SMV      21.0500 103.7400  540.0
MCV      20.8400 104.6400  825.0
LAV      20.1500 105.2500   53.0
KSV      20.7500 105.2900   60.0
TGV      21.5900 103.4200  600.0
TDV      21.4600 105.6500 1200.0
BTV      20.7500 105.2900   70.0
TTV      21.4700 104.3800  675.0
TQV      21.8300 105.2100   20.0
SPV      22.3400 103.8400 1550.0
LNV      21.0800 106.1500   30.0
THV      19.8500 105.7800    1.0
