  19960928   13141660 19.601 102.860    7.50 5.4 0.0 0.0 1.2          4
  19961221   17510600 20.423 100.168    7.50 5.3 0.0 0.0 1.9          5
  19970109   09425780 24.019 103.940   33.00 3.7 0.0 0.0 1.3          6
  19970113   16083780 23.971 103.820    7.50 2.5 0.0 0.0 1.5          7
  19971024   09304140 22.519 101.625    7.50 4.2 0.0 0.0 1.1          8
  19971119   06515500 21.994 101.717    7.40 3.8 0.0 0.0 0.8          9
  19980210   08180419 21.125 104.809   22.80 3.2 0.0 0.0 0.4         10
  20200727   05144850 20.939 104.709    7.00 5.1 0.0 0.0 1.0       1262
  20200727   05395610 20.921 104.711   15.00 2.8 0.0 0.0 0.8       1263
  20200727   08522510 20.929 104.704   13.20 3.0 0.0 0.0 0.8       1264
  20200727   09170740 20.915 104.729    7.00 2.9 0.0 0.0 1.4       1265
  20200727   23172140 20.929 104.732    7.00 3.0 0.0 0.0 0.6       1266
  20200728   01264370 20.920 104.725    7.90 3.5 0.0 0.0 0.7       1267
  20200728   05010670 20.946 104.725    7.00 2.8 0.0 0.0 1.2       1268
  20200728   11080500 20.928 104.733    4.20 3.0 0.0 0.0 0.5       1269
  20200728   13281740 20.920 104.733    2.80 2.9 0.0 0.0 0.5       1270
  20200803   10160410 20.907 104.746    6.70 3.2 0.0 0.0 0.6       1271
  20200804   15220839 20.944 104.694    8.20 2.6 0.0 0.0 0.7       1272
  20200806   23295100 20.933 104.709    7.00 2.9 0.0 0.0 0.8       1273
  20200817   01130920 20.912 104.741    7.40 3.9 0.0 0.0 0.6       1274
