DBV        4 19960928 13141635   19.573  102.835    8.620    5.400   21.390  103.018   -0.480   34.840  201.536    5.400      1     1
DBV        4 19960928 13141635   19.573  102.835    8.620    5.400   21.390  103.018   -0.480   57.120  201.536    5.400      2     2
DHV        4 19960928 13141635   19.573  102.835    8.620    5.400   21.627  105.184   -0.070   47.550  333.309   46.713      3     3
DHV        4 19960928 13141635   19.573  102.835    8.620    5.400   21.627  105.184   -0.070   56.070  333.309   46.713      4     1
DHV        4 19960928 13141635   19.573  102.835    8.620    5.400   21.627  105.184   -0.070   95.850  333.309   46.713      5     2
HNV        4 19960928 13141635   19.573  102.835    8.620    5.400   20.938  105.689   -0.050   47.750  333.437   62.633      6     3
HNV        4 19960928 13141635   19.573  102.835    8.620    5.400   20.938  105.689   -0.050   56.030  333.437   62.633      7     1
HNV        4 19960928 13141635   19.573  102.835    8.620    5.400   20.938  105.689   -0.050   95.510  333.437   62.633      8     2
TDV        4 19960928 13141635   19.573  102.835    8.620    5.400   21.465  105.646   -1.200   51.650  359.375   53.975      9     3
TDV        4 19960928 13141635   19.573  102.835    8.620    5.400   21.465  105.646   -1.200   60.790  359.375   53.975     10     1
TDV        4 19960928 13141635   19.573  102.835    8.620    5.400   21.465  105.646   -1.200  103.630  359.375   53.975     11     2
BGV        4 19960928 13141635   19.573  102.835    8.620    5.400   21.290  106.228   -0.015   56.050  400.839   61.184     12     3
BGV        4 19960928 13141635   19.573  102.835    8.620    5.400   21.290  106.228   -0.015   67.850  400.839   61.184     13     1
BGV        4 19960928 13141635   19.573  102.835    8.620    5.400   21.290  106.228   -0.015  114.320  400.839   61.184     14     2
PLV        4 19960928 13141635   19.573  102.835    8.620    5.400   20.806  106.630   -0.090   58.220  418.452   70.367     15     3
PLV        4 19960928 13141635   19.573  102.835    8.620    5.400   20.806  106.630   -0.090   70.560  418.452   70.367     16     1
PLV        4 19960928 13141635   19.573  102.835    8.620    5.400   20.806  106.630   -0.090  119.250  418.452   70.367     17     2
KMI        4 19960928 13141635   19.573  102.835    8.620    5.400   25.123  102.740   -1.975   84.090  613.224  359.105     18     3
KMI        4 19960928 13141635   19.573  102.835    8.620    5.400   25.123  102.740   -1.975  104.180  613.224  359.105     19     1
KMI        4 19960928 13141635   19.573  102.835    8.620    5.400   25.123  102.740   -1.975  146.960  613.224  359.105     20     4
KMI        4 19960928 13141635   19.573  102.835    8.620    5.400   25.123  102.740   -1.975  177.760  613.224  359.105     21     2
QIZ        4 19960928 13141635   19.573  102.835    8.620    5.400   19.029  109.844   -0.240   98.070  737.258   93.514     22     3
QIZ        4 19960928 13141635   19.573  102.835    8.620    5.400   19.029  109.844   -0.240  126.660  737.258   93.514     23     1
QIZ        4 19960928 13141635   19.573  102.835    8.620    5.400   19.029  109.844   -0.240  171.360  737.258   93.514     24     4
QIZ        4 19960928 13141635   19.573  102.835    8.620    5.400   19.029  109.844   -0.240  217.310  737.258   93.514     25     2
KMI        6 19970109 09425684   23.965  103.999   16.110    3.700   25.123  102.740   -1.975   29.030  180.504  315.424     26     1
KMI        6 19970109 09425684   23.965  103.999   16.110    3.700   25.123  102.740   -1.975   51.520  180.504  315.424     27     2
DHV        6 19970109 09425684   23.965  103.999   16.110    3.700   21.627  105.184   -0.070   47.460  285.403  154.605     28     1
DHV        6 19970109 09425684   23.965  103.999   16.110    3.700   21.627  105.184   -0.070   81.880  285.403  154.605     29     2
BGV        6 19970109 09425684   23.965  103.999   16.110    3.700   21.290  106.228   -0.015   52.420  373.549  141.848     30     3
BGV        6 19970109 09425684   23.965  103.999   16.110    3.700   21.290  106.228   -0.015   63.490  373.549  141.848     31     1
BGV        6 19970109 09425684   23.965  103.999   16.110    3.700   21.290  106.228   -0.015  108.300  373.549  141.848     32     2
HNV        6 19970109 09425684   23.965  103.999   16.110    3.700   20.938  105.689   -0.050   63.270  376.704  152.248     33     1
HNV        6 19970109 09425684   23.965  103.999   16.110    3.700   20.938  105.689   -0.050  108.870  376.704  152.248     34     2
PLV        6 19970109 09425684   23.965  103.999   16.110    3.700   20.806  106.630   -0.090   59.810  441.392  141.732     35     3
PLV        6 19970109 09425684   23.965  103.999   16.110    3.700   20.806  106.630   -0.090   73.620  441.392  141.732     36     1
CHTO       6 19970109 09425684   23.965  103.999   16.110    3.700   18.814   98.944   -0.316  101.040  772.544  223.530     37     3
CHTO       6 19970109 09425684   23.965  103.999   16.110    3.700   18.814   98.944   -0.316  126.420  772.544  223.530     38     1
CHTO       6 19970109 09425684   23.965  103.999   16.110    3.700   18.814   98.944   -0.316  218.210  772.544  223.530     39     2
KMI        7 19970113 16083793   23.985  103.837    5.200    2.500   25.123  102.740   -1.975   26.880  167.687  318.831     40     3
KMI        7 19970113 16083793   23.985  103.837    5.200    2.500   25.123  102.740   -1.975   49.210  167.687  318.831     41     2
DHV        7 19970113 16083793   23.985  103.837    5.200    2.500   21.627  105.184   -0.070   49.680  294.790  151.837     42     1
DHV        7 19970113 16083793   23.985  103.837    5.200    2.500   21.627  105.184   -0.070   88.340  294.790  151.837     43     2
BGV        7 19970113 16083793   23.985  103.837    5.200    2.500   21.290  106.228   -0.015  109.600  385.628  140.066     44     2
HNV        7 19970113 16083793   23.985  103.837    5.200    2.500   20.938  105.689   -0.050   67.770  386.563  150.181     45     1
HNV        7 19970113 16083793   23.985  103.837    5.200    2.500   20.938  105.689   -0.050  112.550  386.563  150.181     46     2
PLV        7 19970113 16083793   23.985  103.837    5.200    2.500   20.806  106.630   -0.090   65.010  453.467  140.211     47     3
PLV        7 19970113 16083793   23.985  103.837    5.200    2.500   20.806  106.630   -0.090  130.850  453.467  140.211     48     2
CHTO       7 19970113 16083793   23.985  103.837    5.200    2.500   18.814   98.944   -0.316  127.710  762.944  222.459     49     1
CHTO       7 19970113 16083793   23.985  103.837    5.200    2.500   18.814   98.944   -0.316  221.570  762.944  222.459     50     2
KMI        8 19971024 09304140   22.521  101.629    1.030    4.200   25.123  102.740   -1.975   51.330  308.926   21.222     51     1
KMI        8 19971024 09304140   22.521  101.629    1.030    4.200   25.123  102.740   -1.975   90.720  308.926   21.222     52     2
DHV        8 19971024 09304140   22.521  101.629    1.030    4.200   21.627  105.184   -0.070   54.530  379.087  104.434     53     3
DHV        8 19971024 09304140   22.521  101.629    1.030    4.200   21.627  105.184   -0.070   63.970  379.087  104.434     54     1
DHV        8 19971024 09304140   22.521  101.629    1.030    4.200   21.627  105.184   -0.070  109.100  379.087  104.434     55     2
TDV        8 19971024 09304140   22.521  101.629    1.030    4.200   21.465  105.646   -1.200   60.930  429.913  104.993     56     3
TDV        8 19971024 09304140   22.521  101.629    1.030    4.200   21.465  105.646   -1.200   73.700  429.913  104.993     57     1
TDV        8 19971024 09304140   22.521  101.629    1.030    4.200   21.465  105.646   -1.200  124.930  429.913  104.993     58     2
HNV        8 19971024 09304140   22.521  101.629    1.030    4.200   20.938  105.689   -0.050  134.750  453.984  111.892     59     2
BGV        8 19971024 09304140   22.521  101.629    1.030    4.200   21.290  106.228   -0.015   68.450  493.103  105.142     60     3
BGV        8 19971024 09304140   22.521  101.629    1.030    4.200   21.290  106.228   -0.015   84.600  493.103  105.142     61     1
BGV        8 19971024 09304140   22.521  101.629    1.030    4.200   21.290  106.228   -0.015  142.790  493.103  105.142     62     2
CHTO       8 19971024 09304140   22.521  101.629    1.030    4.200   18.814   98.944   -0.316   70.630  495.423  214.760     63     3
CHTO       8 19971024 09304140   22.521  101.629    1.030    4.200   18.814   98.944   -0.316   85.620  495.423  214.760     64     1
CHTO       8 19971024 09304140   22.521  101.629    1.030    4.200   18.814   98.944   -0.316  142.500  495.423  214.760     65     2
PLV        8 19971024 09304140   22.521  101.629    1.030    4.200   20.806  106.630   -0.090   75.810  549.996  109.214     66     3
PLV        8 19971024 09304140   22.521  101.629    1.030    4.200   20.806  106.630   -0.090   94.150  549.996  109.214     67     1
PLV        8 19971024 09304140   22.521  101.629    1.030    4.200   20.806  106.630   -0.090  160.290  549.996  109.214     68     2
DHV        9 19971119 06515523   21.998  101.725    4.350    3.800   21.627  105.184   -0.070   52.360  359.109   95.915     69     3
DHV        9 19971119 06515523   21.998  101.725    4.350    3.800   21.627  105.184   -0.070   61.330  359.109   95.915     70     1
DHV        9 19971119 06515523   21.998  101.725    4.350    3.800   21.627  105.184   -0.070  105.460  359.109   95.915     71     2
KMI        9 19971119 06515523   21.998  101.725    4.350    3.800   25.123  102.740   -1.975   61.850  360.461   16.467     72     1
KMI        9 19971119 06515523   21.998  101.725    4.350    3.800   25.123  102.740   -1.975  103.410  360.461   16.467     73     2
TDV        9 19971119 06515523   21.998  101.725    4.350    3.800   21.465  105.646   -1.200   58.570  408.891   97.558     74     3
TDV        9 19971119 06515523   21.998  101.725    4.350    3.800   21.465  105.646   -1.200   69.620  408.891   97.558     75     1
TDV        9 19971119 06515523   21.998  101.725    4.350    3.800   21.465  105.646   -1.200  120.220  408.891   97.558     76     2
CHTO       9 19971119 06515523   21.998  101.725    4.350    3.800   18.814   98.944   -0.316   64.790  455.450  219.958     77     3
CHTO       9 19971119 06515523   21.998  101.725    4.350    3.800   18.814   98.944   -0.316   78.240  455.450  219.958     78     1
CHTO       9 19971119 06515523   21.998  101.725    4.350    3.800   18.814   98.944   -0.316  131.760  455.450  219.958     79     2
BGV        9 19971119 06515523   21.998  101.725    4.350    3.800   21.290  106.228   -0.015   66.060  471.469   98.714     80     3
BGV        9 19971119 06515523   21.998  101.725    4.350    3.800   21.290  106.228   -0.015   80.360  471.469   98.714     81     1
BGV        9 19971119 06515523   21.998  101.725    4.350    3.800   21.290  106.228   -0.015  137.310  471.469   98.714     82     2
PLV        9 19971119 06515523   21.998  101.725    4.350    3.800   20.806  106.630   -0.090   72.320  524.154  103.648     83     3
PLV        9 19971119 06515523   21.998  101.725    4.350    3.800   20.806  106.630   -0.090  151.730  524.154  103.648     84     2
HBV       10 19980210 08180349   21.105  104.814   22.180    3.200   20.796  105.339   -0.054   11.250   64.239  121.974     85     1
HBV       10 19980210 08180349   21.105  104.814   22.180    3.200   20.796  105.339   -0.054   18.670   64.239  121.974     86     2
DHV       10 19980210 08180349   21.105  104.814   22.180    3.200   21.627  105.184   -0.070   11.650   69.178   33.512     87     1
DHV       10 19980210 08180349   21.105  104.814   22.180    3.200   21.627  105.184   -0.070   19.510   69.178   33.512     88     2
HNV       10 19980210 08180349   21.105  104.814   22.180    3.200   20.938  105.689   -0.050   15.530   92.570  101.323     89     1
HNV       10 19980210 08180349   21.105  104.814   22.180    3.200   20.938  105.689   -0.050   27.110   92.570  101.323     90     2
TDV       10 19980210 08180349   21.105  104.814   22.180    3.200   21.465  105.646   -1.200   16.120   94.821   65.080     91     1
TDV       10 19980210 08180349   21.105  104.814   22.180    3.200   21.465  105.646   -1.200   27.710   94.821   65.080     92     2
BGV       10 19980210 08180349   21.105  104.814   22.180    3.200   21.290  106.228   -0.015   25.010  147.832   81.793     93     1
BGV       10 19980210 08180349   21.105  104.814   22.180    3.200   21.290  106.228   -0.015   42.410  147.832   81.793     94     2
SPV       10 19980210 08180349   21.105  104.814   22.180    3.200   22.338  103.835   -1.550   28.520  169.598  323.619     95     1
SPV       10 19980210 08180349   21.105  104.814   22.180    3.200   22.338  103.835   -1.550   47.650  169.598  323.619     96     2
PLV       10 19980210 08180349   21.105  104.814   22.180    3.200   20.806  106.630   -0.090   31.840  191.296   99.617     97     1
PLV       10 19980210 08180349   21.105  104.814   22.180    3.200   20.806  106.630   -0.090   54.810  191.296   99.617     98     2
MCVB    1272 20200804 15220804   20.939  104.694   11.570    2.600   20.844  104.635   -0.825    2.420   12.122  210.068     99     1
MCVB    1272 20200804 15220804   20.939  104.694   11.570    2.600   20.844  104.635   -0.825    4.110   12.122  210.068    100     2
HBVB    1272 20200804 15220804   20.939  104.694   11.570    2.600   20.842  105.328   -0.054   11.960   66.636   99.120    101     1
VCVB    1272 20200804 15220804   20.939  104.694   11.570    2.600   21.576  104.594   -0.357   12.450   71.078  351.667    102     1
VCVB    1272 20200804 15220804   20.939  104.694   11.570    2.600   21.576  104.594   -0.357   21.570   71.078  351.667    103     2
SLV     1272 20200804 15220804   20.939  104.694   11.570    2.600   21.334  103.905   -0.700   15.240   92.659  298.214    104     1
SLV     1272 20200804 15220804   20.939  104.694   11.570    2.600   21.334  103.905   -0.700   27.660   92.659  298.214    105     2
THVB    1272 20200804 15220804   20.939  104.694   11.570    2.600   19.851  105.782   -0.001   28.580  165.141  136.505    106     1
THVB    1272 20200804 15220804   20.939  104.694   11.570    2.600   19.851  105.782   -0.001   49.010  165.141  136.505    107     2
BKVB    1272 20200804 15220804   20.939  104.694   11.570    2.600   22.150  105.856   -0.129   30.270  179.764   41.709    108     1
BKVB    1272 20200804 15220804   20.939  104.694   11.570    2.600   22.150  105.856   -0.129   52.710  179.764   41.709    109     2
DBVB    1272 20200804 15220804   20.939  104.694   11.570    2.600   21.390  103.018   -0.480   30.500  180.602  286.299    110     1
MLVB    1272 20200804 15220804   20.939  104.694   11.570    2.600   22.042  103.154   -0.270   31.820  200.451  307.699    111     3
MLVB    1272 20200804 15220804   20.939  104.694   11.570    2.600   22.042  103.154   -0.270   33.710  200.451  307.699    112     1
MLVB    1272 20200804 15220804   20.939  104.694   11.570    2.600   22.042  103.154   -0.270   58.970  200.451  307.699    113     2
CCVB    1272 20200804 15220804   20.939  104.694   11.570    2.600   19.049  104.877   -0.030   35.240  209.637  174.746    114     1
CCVB    1272 20200804 15220804   20.939  104.694   11.570    2.600   19.049  104.877   -0.030   59.200  209.637  174.746    115     2
HGVB    1272 20200804 15220804   20.939  104.694   11.570    2.600   22.836  104.992   -0.119   35.190  211.769    8.295    116     1
HGVB    1272 20200804 15220804   20.939  104.694   11.570    2.600   22.836  104.992   -0.119   60.110  211.769    8.295    117     2
LSVB    1272 20200804 15220804   20.939  104.694   11.570    2.600   21.853  106.749   -0.285   39.710  235.328   64.236    118     1
LSVB    1272 20200804 15220804   20.939  104.694   11.570    2.600   21.853  106.749   -0.285   67.330  235.328   64.236    119     2
CBVB    1272 20200804 15220804   20.939  104.694   11.570    2.600   22.652  106.194   -0.222   41.680  244.474   39.002    120     1
CBVB    1272 20200804 15220804   20.939  104.694   11.570    2.600   22.652  106.194   -0.222   71.310  244.474   39.002    121     2
MTE2    1272 20200804 15220804   20.939  104.694   11.570    2.600   22.486  102.618   -0.342   45.710  274.005  308.950    122     1
MTE2    1272 20200804 15220804   20.939  104.694   11.570    2.600   22.486  102.618   -0.342   78.250  274.005  308.950    123     2
CB02    1272 20200804 15220804   20.939  104.694   11.570    2.600   22.687  106.677   -0.365   46.600  281.234   46.281    124     1
CB02    1272 20200804 15220804   20.939  104.694   11.570    2.600   22.687  106.677   -0.365   80.540  281.234   46.281    125     2
TYVB    1272 20200804 15220804   20.939  104.694   11.570    2.600   21.335  107.389   -0.030   47.680  282.689   80.623    126     1
MCVB    1273 20200806 23295074   20.931  104.705    7.320    2.900   20.844  104.635   -0.825    2.200   12.015  216.910    127     1
MCVB    1273 20200806 23295074   20.931  104.705    7.320    2.900   20.844  104.635   -0.825    3.870   12.015  216.910    128     2
HBVB    1273 20200806 23295074   20.931  104.705    7.320    2.900   20.842  105.328   -0.054   11.690   65.372   98.518    129     1
VCVB    1273 20200806 23295074   20.931  104.705    7.320    2.900   21.576  104.594   -0.357   12.450   72.124  350.876    130     1
VCVB    1273 20200806 23295074   20.931  104.705    7.320    2.900   21.576  104.594   -0.357   21.340   72.124  350.876    131     2
SLV     1273 20200806 23295074   20.931  104.705    7.320    2.900   21.334  103.905   -0.700   15.190   94.083  298.363    132     1
SLV     1273 20200806 23295074   20.931  104.705    7.320    2.900   21.334  103.905   -0.700   27.470   94.083  298.363    133     2
THVB    1273 20200806 23295074   20.931  104.705    7.320    2.900   19.851  105.782   -0.001   28.420  163.714  136.586    134     1
THVB    1273 20200806 23295074   20.931  104.705    7.320    2.900   19.851  105.782   -0.001   48.560  163.714  136.586    135     2
BKVB    1273 20200806 23295074   20.931  104.705    7.320    2.900   22.150  105.856   -0.129   29.340  179.670   41.253    136     3
BKVB    1273 20200806 23295074   20.931  104.705    7.320    2.900   22.150  105.856   -0.129   30.590  179.670   41.253    137     1
BKVB    1273 20200806 23295074   20.931  104.705    7.320    2.900   22.150  105.856   -0.129   52.380  179.670   41.253    138     2
DBVB    1273 20200806 23295074   20.931  104.705    7.320    2.900   21.390  103.018   -0.480   29.130  181.946  286.469    139     3
DBVB    1273 20200806 23295074   20.931  104.705    7.320    2.900   21.390  103.018   -0.480   31.180  181.946  286.469    140     1
DBVB    1273 20200806 23295074   20.931  104.705    7.320    2.900   21.390  103.018   -0.480   53.420  181.946  286.469    141     2
MLVB    1273 20200806 23295074   20.931  104.705    7.320    2.900   22.042  103.154   -0.270   33.910  201.894  307.704    142     1
MLVB    1273 20200806 23295074   20.931  104.705    7.320    2.900   22.042  103.154   -0.270   59.540  201.894  307.704    143     2
CCVB    1273 20200806 23295074   20.931  104.705    7.320    2.900   19.049  104.877   -0.030   34.510  208.655  175.040    144     1
CCVB    1273 20200806 23295074   20.931  104.705    7.320    2.900   19.049  104.877   -0.030   59.620  208.655  175.040    145     2
HGVB    1273 20200806 23295074   20.931  104.705    7.320    2.900   22.836  104.992   -0.119   35.120  212.482    7.960    146     1
HGVB    1273 20200806 23295074   20.931  104.705    7.320    2.900   22.836  104.992   -0.119   60.500  212.482    7.960    147     2
LSVB    1273 20200806 23295074   20.931  104.705    7.320    2.900   21.853  106.749   -0.285   36.800  234.688   63.924    148     3
LSVB    1273 20200806 23295074   20.931  104.705    7.320    2.900   21.853  106.749   -0.285   39.730  234.688   63.924    149     1
LSVB    1273 20200806 23295074   20.931  104.705    7.320    2.900   21.853  106.749   -0.285   67.980  234.688   63.924    150     2
CBVB    1273 20200806 23295074   20.931  104.705    7.320    2.900   22.652  106.194   -0.222   42.380  244.446   38.668    151     1
CBVB    1273 20200806 23295074   20.931  104.705    7.320    2.900   22.652  106.194   -0.222   71.720  244.446   38.668    152     2
MTE2    1273 20200806 23295074   20.931  104.705    7.320    2.900   22.486  102.618   -0.342   45.120  275.448  308.947    153     1
MTE2    1273 20200806 23295074   20.931  104.705    7.320    2.900   22.486  102.618   -0.342   81.240  275.448  308.947    154     2
CB02    1273 20200806 23295074   20.931  104.705    7.320    2.900   22.687  106.677   -0.365   47.370  281.024   45.994    155     1
CB02    1273 20200806 23295074   20.931  104.705    7.320    2.900   22.687  106.677   -0.365   79.590  281.024   45.994    156     2
TYVB    1273 20200806 23295074   20.931  104.705    7.320    2.900   21.335  107.389   -0.030   48.000  281.709   80.411    157     1
TYVB    1273 20200806 23295074   20.931  104.705    7.320    2.900   21.335  107.389   -0.030   81.710  281.709   80.411    158     2
CB01    1273 20200806 23295074   20.931  104.705    7.320    2.900   22.879  106.685   -0.433   50.240  296.549   43.119    159     1
CB01    1273 20200806 23295074   20.931  104.705    7.320    2.900   22.879  106.685   -0.433   84.280  296.549   43.119    160     2
MCVB    1274 20200817 01130857   20.885  104.743    3.910    3.900   20.844  104.635   -0.825    2.170   12.043  247.933    161     1
MCVB    1274 20200817 01130857   20.885  104.743    3.910    3.900   20.844  104.635   -0.825    3.760   12.043  247.933    162     2
HBVB    1274 20200817 01130857   20.885  104.743    3.910    3.900   20.842  105.328   -0.054   10.890   60.881   94.350    163     1
HBVB    1274 20200817 01130857   20.885  104.743    3.910    3.900   20.842  105.328   -0.054   18.730   60.881   94.350    164     2
VCVB    1274 20200817 01130857   20.885  104.743    3.910    3.900   21.576  104.594   -0.357   12.900   77.827  348.615    165     1
VCVB    1274 20200817 01130857   20.885  104.743    3.910    3.900   21.576  104.594   -0.357   23.320   77.827  348.615    166     2
SLV     1274 20200817 01130857   20.885  104.743    3.910    3.900   21.334  103.905   -0.700   15.720  100.001  299.864    167     1
SLV     1274 20200817 01130857   20.885  104.743    3.910    3.900   21.334  103.905   -0.700   29.190  100.001  299.864    168     2
THVB    1274 20200817 01130857   20.885  104.743    3.910    3.900   19.851  105.782   -0.001   25.860  157.315  136.372    169     3
THVB    1274 20200817 01130857   20.885  104.743    3.910    3.900   19.851  105.782   -0.001   27.470  157.315  136.372    170     1
THVB    1274 20200817 01130857   20.885  104.743    3.910    3.900   19.851  105.782   -0.001   47.610  157.315  136.372    171     2
BKVB    1274 20200817 01130857   20.885  104.743    3.910    3.900   22.150  105.856   -0.129   29.000  180.999   39.268    172     3
BKVB    1274 20200817 01130857   20.885  104.743    3.910    3.900   22.150  105.856   -0.129   30.330  180.999   39.268    173     1
BKVB    1274 20200817 01130857   20.885  104.743    3.910    3.900   22.150  105.856   -0.129   51.780  180.999   39.268    174     2
DBVB    1274 20200817 01130857   20.885  104.743    3.910    3.900   21.390  103.018   -0.480   29.960  187.206  287.631    175     3
DBVB    1274 20200817 01130857   20.885  104.743    3.910    3.900   21.390  103.018   -0.480   31.560  187.206  287.631    176     1
DBVB    1274 20200817 01130857   20.885  104.743    3.910    3.900   21.390  103.018   -0.480   54.380  187.206  287.631    177     2
MLVB    1274 20200817 01130857   20.885  104.743    3.910    3.900   22.042  103.154   -0.270   60.570  208.128  308.159    178     2
CCVB    1274 20200817 01130857   20.885  104.743    3.910    3.900   19.049  104.877   -0.030   31.660  203.283  176.037    179     3
MLVB    1274 20200817 01130857   20.885  104.743    3.910    3.900   22.042  103.154   -0.270   32.520  208.128  308.159    180     3
MLVB    1274 20200817 01130857   20.885  104.743    3.910    3.900   22.042  103.154   -0.270   34.640  208.128  308.159    181     1
CCVB    1274 20200817 01130857   20.885  104.743    3.910    3.900   19.049  104.877   -0.030   34.390  203.283  176.037    182     1
CCVB    1274 20200817 01130857   20.885  104.743    3.910    3.900   19.049  104.877   -0.030   59.850  203.283  176.037    183     2
HGVB    1274 20200817 01130857   20.885  104.743    3.910    3.900   22.836  104.992   -0.119   33.070  217.016    6.757    184     3
HGVB    1274 20200817 01130857   20.885  104.743    3.910    3.900   22.836  104.992   -0.119   35.550  217.016    6.757    185     1
HGVB    1274 20200817 01130857   20.885  104.743    3.910    3.900   22.836  104.992   -0.119   61.620  217.016    6.757    186     2
LSVB    1274 20200817 01130857   20.885  104.743    3.910    3.900   21.853  106.749   -0.285   35.720  233.463   62.393    187     3
LSVB    1274 20200817 01130857   20.885  104.743    3.910    3.900   21.853  106.749   -0.285   39.280  233.463   62.393    188     1
LSVB    1274 20200817 01130857   20.885  104.743    3.910    3.900   21.853  106.749   -0.285   66.230  233.463   62.393    189     2
CBVB    1274 20200817 01130857   20.885  104.743    3.910    3.900   22.652  106.194   -0.222   38.390  246.028   37.226    190     3
CBVB    1274 20200817 01130857   20.885  104.743    3.910    3.900   22.652  106.194   -0.222   42.250  246.028   37.226    191     1
CBVB    1274 20200817 01130857   20.885  104.743    3.910    3.900   22.652  106.194   -0.222   70.950  246.028   37.226    192     2
TYVB    1274 20200817 01130857   20.885  104.743    3.910    3.900   21.335  107.389   -0.030   40.890  278.723   79.261    193     3
TYVB    1274 20200817 01130857   20.885  104.743    3.910    3.900   21.335  107.389   -0.030   47.600  278.723   79.261    194     1
TYVB    1274 20200817 01130857   20.885  104.743    3.910    3.900   21.335  107.389   -0.030   79.630  278.723   79.261    195     2
CB01    1274 20200817 01130857   20.885  104.743    3.910    3.900   22.879  106.685   -0.433   43.560  297.629   41.911    196     3
CB01    1274 20200817 01130857   20.885  104.743    3.910    3.900   22.879  106.685   -0.433   50.210  297.629   41.911    197     1
CB01    1274 20200817 01130857   20.885  104.743    3.910    3.900   22.879  106.685   -0.433   74.730  297.629   41.911    198     4
CB01    1274 20200817 01130857   20.885  104.743    3.910    3.900   22.879  106.685   -0.433   84.830  297.629   41.911    199     2
BGVB    1274 20200817 01130857   20.885  104.743    3.910    3.900   21.290  106.228   -0.013   18.420  160.252   73.519    200     3
