  19960415   08395580 21.581 105.764   12.40 3.0 0.0 0.0 0.4          1
  19960522   08043709 21.633 105.776    9.70 2.0 0.0 0.0 0.4          2
  19960622   18392770 21.161 103.314    7.50 4.9 0.0 0.0 1.3          3
  19960928   13141660 19.601 102.860    7.50 5.4 0.0 0.0 1.2          4
  19961221   17510600 20.423 100.168    7.50 5.3 0.0 0.0 1.9          5
  19970109   09425780 24.019 103.940   33.00 3.7 0.0 0.0 1.3          6
  19970113   16083780 23.971 103.820    7.50 2.5 0.0 0.0 1.5          7
  19971024   09304140 22.519 101.625    7.50 4.2 0.0 0.0 1.1          8
  19971119   06515500 21.994 101.717    7.40 3.8 0.0 0.0 0.8          9
  19980210   08180419 21.125 104.809   22.80 3.2 0.0 0.0 0.4         10
  19980213   14580660 23.597 105.834   16.00 3.7 0.0 0.0 0.7         11
  19980213   23150070 23.968 102.724   15.40 3.2 0.0 0.0 1.8         12
  19980514   03344610 20.994 103.377    7.50 3.7 0.0 0.0 0.6         13
  19980917   07584470 21.667 105.710   12.00 2.4 0.0 0.0 0.4         14
  19981115   12295000 22.408 104.245   29.40 2.9 0.0 0.0 1.0         15
  19981209   06112430 23.822 104.111   16.10 2.6 0.0 0.0 0.9         16
  19981231   08165340 21.645 105.688    4.00 1.5 0.0 0.0 0.1         17
  19990115   08155510 22.087 108.365   16.10 4.2 0.0 0.0 0.9         18
  19990331   03191450 19.727 101.515   12.70 4.6 0.0 0.0 0.7         19
  19990403   09085690 20.930 107.137   24.00 2.6 0.0 0.0 0.6         20
  19990406   07563220 21.547 105.744   18.40 2.1 0.0 0.0 0.7         21
  19990410   09465900 21.606 105.709   14.40 2.5 0.0 0.0 1.0         22
  19990412   06195220 20.936 107.083   16.10 2.1 0.0 0.0 0.3         23
  19990412   10364370 21.602 105.777   10.00 1.5 0.0 0.0 0.3         24
  19990412   18183380 23.948 107.363   14.60 3.0 0.0 0.0 0.7         25
  19990707   11260780 22.732 103.873   11.00 3.3 0.0 0.0 1.4         26
  19990902   07435980 19.917 105.239    7.50 2.6 0.0 0.0 0.8         27
  19990906   07065620 23.334 102.862   13.70 4.1 0.0 0.0 1.7         28
  19990913   19091280 20.777 104.900    6.30 3.4 0.0 0.0 0.4         29
  19991116   08424360 21.047 107.167   27.20 2.4 0.0 0.0 1.0         30
  19991117   07245220 25.038 107.660   33.00 3.6 0.0 0.0 0.9         31
  19991124   16401890 24.570 102.912    7.50 5.4 0.0 0.0 1.1         32
  19991125   08512160 21.031 107.166   30.60 2.9 0.0 0.0 0.8         33
  19991202   08453050 21.033 107.124   33.00 2.7 0.0 0.0 0.8         34
  19991202   13190140 21.619 106.094    7.50 2.3 0.0 0.0 0.2         35
  19991204   17101500 23.571 103.345   10.50 3.6 0.0 0.0 0.9         36
  19991207   11224650 24.684 102.920   33.00 3.4 0.0 0.0 1.7         37
  19991228   06394180 21.608 104.375   12.70 4.2 0.0 0.0 0.8         38
  20000102   05123170 21.133 105.400    5.10 2.4 0.0 0.0 0.3         39
  20000106   14252890 23.415 103.681    7.20 4.0 0.0 0.0 1.5         40
  20000114   23353530 25.460 101.097   16.10 5.8 0.0 0.0 1.1         41
  20000119   20592320 19.915 101.406    7.50 4.7 0.0 0.0 1.8         42
  20000119   21241280 19.751 101.476    7.50 3.5 0.0 0.0 1.4         43
  20000125   08530160 20.978 107.226   27.00 2.4 0.0 0.0 0.5         44
  20000126   20551550 24.110 103.656    6.70 5.8 0.0 0.0 1.5         45
  20000308   16423659 21.924 105.735   10.90 2.8 0.0 0.0 0.6         46
  20000408   06460680 21.700 103.425   33.00 3.2 0.0 0.0 0.9         47
  20000414   11123370 18.780 104.642    7.50 4.2 0.0 0.0 1.3         48
  20000428   07001080 21.169 106.649    7.50 2.6 0.0 0.0 0.4         49
  20000506   02281770 23.841 103.115   15.70 3.7 0.0 0.0 0.9         50
  20000523   08510360 20.927 107.216   33.00 2.1 0.0 0.0 0.6         51
  20000615   08482770 20.928 107.335   32.40 2.1 0.0 0.0 1.0         52
  20000813   15083920 24.564 104.691   33.10 3.5 0.0 0.0 0.8         53
  20000813   03471340 24.622 104.620   33.10 3.1 0.0 0.0 0.4         54
  20000813   03361820 24.608 104.918   33.10 3.4 0.0 0.0 1.0         55
  20000904   10212860 21.625 105.757    7.50 2.6 0.0 0.0 0.5         56
  20001005   08090320 21.153 106.813   20.90 1.9 0.0 0.0 0.5         57
  20001005   15545720 21.958 103.584   31.10 3.3 0.0 0.0 0.5         58
  20001031   05271200 22.676 107.421   10.70 2.6 0.0 0.0 0.5         59
  20001031   10234080 21.047 107.285   18.90 2.0 0.0 0.0 0.2         60
  20001101   08462110 21.048 107.250   20.40 2.7 0.0 0.0 0.5         61
  20001101   09302550 21.184 107.197   11.10 2.2 0.0 0.0 0.6         62
  20001101   14575980 22.988 105.271    0.00 2.4 0.0 0.0 1.6         63
  20001102   05020730 20.972 106.700    7.50 2.3 0.0 0.0 0.5         64
  20001103   08542950 20.994 107.306   24.00 2.7 0.0 0.0 0.5         65
  20001105   08325670 21.166 107.254   13.90 2.7 0.0 0.0 0.3         66
  20001106   04202170 21.143 107.193    7.50 1.8 0.0 0.0 0.6         67
  20001106   04343359 21.769 106.982   14.40 2.1 0.0 0.0 0.8         68
  20001107   04562040 21.037 107.235   32.90 2.3 0.0 0.0 0.9         69
  20001107   08474220 21.052 107.280   33.00 3.0 0.0 0.0 0.6         70
  20001110   04064380 20.091 105.865   18.80 2.3 0.0 0.0 0.8         71
  20001110   04321410 21.019 106.737    6.40 2.6 0.0 0.0 0.7         72
  20001110   08585380 21.119 107.278   17.60 2.5 0.0 0.0 0.8         73
  20001112   05241170 21.128 107.161    0.00 2.5 0.0 0.0 0.6         74
  20001112   08250260 21.102 107.348   20.30 2.6 0.0 0.0 0.7         75
  20001113   08522029 20.971 107.280   31.60 2.6 0.0 0.0 0.5         76
  20001113   12060700 19.821 105.368   29.50 2.7 0.0 0.0 0.9         77
  20001114   08574450 21.627 105.760   10.70 2.3 0.0 0.0 0.5         78
  20001117   08360530 21.642 105.805    7.50 2.0 0.0 0.0 0.8         79
  20001117   08505160 21.020 107.285   26.10 2.9 0.0 0.0 0.4         80
  20001118   08515900 21.147 107.203    0.00 2.2 0.0 0.0 0.5         81
  20001124   04213809 20.079 105.869    7.50 1.9 0.0 0.0 0.9         82
  20001124   04275800 21.614 105.891   30.00 2.2 0.0 0.0 0.6         83
  20001125   08215820 21.093 107.127    7.50 2.1 0.0 0.0 0.6         84
  20001125   08215770 21.151 107.154    0.10 2.4 0.0 0.0 0.8         85
  20001125   08215740 21.128 107.165    0.00 2.4 0.0 0.0 0.7         86
  20010101   11341990 21.881 103.079    7.50 4.4 0.0 0.0 0.9         87
  20010104   16343020 21.924 102.961   32.90 3.5 0.0 0.0 1.0         88
  20010105   18204760 21.841 103.157    7.50 3.4 0.0 0.0 1.0         89
  20010217   08214340 21.188 107.176    7.50 2.0 0.0 0.0 1.3         90
  20010219   06183350 21.049 107.125    7.50 1.9 0.0 0.0 0.6         91
  20010219   15513590 21.353 102.934   16.10 4.6 0.0 0.0 0.9         92
  20010219   16401970 21.375 102.944   11.50 4.2 0.0 0.0 0.4         93
  20010219   19025110 21.288 102.946    9.70 4.4 0.0 0.0 0.9         94
  20010220   08454320 21.061 107.239   33.00 2.3 0.0 0.0 0.9         95
  20010221   11034560 21.259 102.916    7.50 3.2 0.0 0.0 0.6         96
  20010222   05512600 21.655 105.671   20.90 1.9 0.0 0.0 0.6         97
  20010222   11363520 21.360 103.005   10.20 3.1 0.0 0.0 0.7         98
  20010223   08461679 21.162 107.226    0.00 2.5 0.0 0.0 0.6         99
  20010223   17532980 21.428 102.976    0.60 3.1 0.0 0.0 0.5        100
  20010224   22143140 21.281 102.921    7.50 3.6 0.0 0.0 0.8        101
  20010226   14214630 21.086 101.464    6.50 4.0 0.0 0.0 0.7        102
  20010304   20185050 21.309 102.890    7.50 4.7 0.0 0.0 0.8        103
  20010304   20405580 21.437 102.951   12.60 2.9 0.0 0.0 0.3        104
  20010305   15065870 21.495 102.873    7.50 3.2 0.0 0.0 1.1        105
  20010312   09454210 21.705 105.734   20.90 1.8 0.0 0.0 0.5        106
  20010318   08245070 21.156 107.542   30.20 2.4 0.0 0.0 0.4        107
  20010318   10495730 24.116 102.678   16.00 4.0 0.0 0.0 0.9        108
  20010320   08131770 20.977 107.277   17.60 2.4 0.0 0.0 0.7        109
  20010320   08223759 21.203 107.150    0.00 2.5 0.0 0.0 0.9        110
  20010325   07081010 22.419 102.024   13.30 3.3 0.0 0.0 1.5        111
  20010402   20454680 22.178 103.226    7.50 4.5 0.0 0.0 1.5        112
  20010403   04301300 22.400 103.449   32.80 3.0 0.0 0.0 0.5        113
  20010406   08590620 21.037 107.318   33.00 2.6 0.0 0.0 1.1        114
  20010412   10225270 21.661 105.697   15.30 2.4 0.0 0.0 0.4        115
  20010414   09020770 21.121 107.246    0.00 2.4 0.0 0.0 0.4        116
  20010423   15511820 21.296 102.919    7.50 3.9 0.0 0.0 1.2        117
  20010430   22510419 23.278 102.589    7.50 5.3 0.0 0.0 0.7        118
  20010604   21021629 21.941 102.447   13.90 4.5 0.0 0.0 1.3        119
  20010604   23202810 22.514 102.536   33.00 3.4 0.0 0.0 0.8        120
  20010604   23412930 21.959 102.430   10.40 4.2 0.0 0.0 0.7        121
  20010608   07381670 21.388 103.005   33.00 3.3 0.0 0.0 1.1        122
  20010614   08101600 21.628 105.791    9.30 2.0 0.0 0.0 0.4        123
  20010620   06510350 21.654 105.706    2.70 1.5 0.0 0.0 0.3        124
  20010626   07284040 21.606 105.779   15.30 2.3 0.0 0.0 0.2        125
  20010709   23513609 24.521 101.683   16.10 4.8 0.0 0.0 1.4        126
  20010713   20152910 21.340 102.986   13.00 3.8 0.0 0.0 0.6        127
  20010714   17593680 23.921 102.580    7.50 4.7 0.0 0.0 1.3        128
  20010714   18365820 24.143 102.923    0.00 5.0 0.0 0.0 1.0        129
  20010718   08470720 21.045 107.278   19.60 2.6 0.0 0.0 0.6        130
  20010731   02033309 21.446 102.891    7.60 3.9 0.0 0.0 1.0        131
  20010731   04510450 20.946 104.602    7.50 3.7 0.0 0.0 0.4        132
  20010824   09585140 25.060 104.248   16.10 4.7 0.0 0.0 0.5        133
  20010902   23152720 22.731 106.370   33.00 3.4 0.0 0.0 0.5        134
  20010904   04055670 23.623 100.722   16.10 4.7 0.0 0.0 1.4        135
  20010916   00423200 21.144 105.785   14.80 3.0 0.0 0.0 0.3        136
  20011003   10163800 21.621 105.691    7.50 1.9 0.0 0.0 0.3        137
  20011004   09371560 21.010 107.128   18.50 2.2 0.0 0.0 0.6        138
  20011112   21560800 20.983 104.276    8.70 3.6 0.0 0.0 0.3        139
  20011128   04421450 22.582 102.601    7.50 3.9 0.0 0.0 1.5        140
  20011129   07184950 21.117 107.145   22.20 2.6 0.0 0.0 1.4        141
  20020118   22141829 21.746 101.674   11.10 4.1 0.0 0.0 0.9        142
  20020118   22410209 22.571 101.976   33.10 3.5 0.0 0.0 1.4        143
  20020119   22415740 21.446 101.719    7.50 3.2 0.0 0.0 1.2        144
  20020125   12073609 18.421 106.134   14.50 3.9 0.0 0.0 0.9        145
  20020129   07200590 20.879 106.932    0.00 1.8 0.0 0.0 1.4        146
  20020208   07553550 21.630 105.781    6.70 2.1 0.0 0.0 0.3        147
  20020225   10082410 21.141 107.143   16.40 2.3 0.0 0.0 0.8        148
  20020226   09080989 21.791 105.586    8.20 1.9 0.0 0.0 0.7        149
  20020305   08193209 21.082 107.236    0.00 2.2 0.0 0.0 0.7        150
  20020307   07570850 20.986 107.245    0.00 2.2 0.0 0.0 0.8        151
  20020308   08165750 21.067 107.325   32.30 2.2 0.0 0.0 1.1        152
  20020322   05501950 21.203 107.218    0.00 2.8 0.0 0.0 1.0        153
  20020327   07224910 21.621 105.772    6.60 2.6 0.0 0.0 0.4        154
  20020409   05585570 21.598 105.767   15.10 2.2 0.0 0.0 0.3        155
  20020411   10154970 21.112 106.808   10.70 1.7 0.0 0.0 1.1        156
  20020412   05044780 22.354 102.616    7.50 4.6 0.0 0.0 1.4        157
  20020419   08144340 21.107 107.277    6.30 2.1 0.0 0.0 0.4        158
  20020422   08064770 21.144 107.209   10.80 2.4 0.0 0.0 1.0        159
  20020520   09451410 21.613 105.730    0.60 1.8 0.0 0.0 0.4        160
  20020521   04095790 19.924 105.889   20.70 2.1 0.0 0.0 1.2        161
  20020524   09372380 21.001 107.187   18.20 2.1 0.0 0.0 0.5        162
  20020527   07581800 23.121 104.430   33.00 3.1 0.0 0.0 1.2        163
  20020527   21242360 23.800 103.294    7.50 5.1 0.0 0.0 1.7        164
  20020604   21521770 21.740 105.910    7.50 1.9 0.0 0.0 0.6        165
  20020605   01041729 20.801 107.163    0.00 2.4 0.0 0.0 1.2        166
  20020605   02521850 21.678 105.892    7.50 1.5 0.0 0.0 0.7        167
  20020605   06041660 20.835 107.232    0.00 2.3 0.0 0.0 0.4        168
  20020625   09543870 21.074 107.207   16.30 2.3 0.0 0.0 0.9        169
  20020701   14184980 23.586 103.359    6.40 3.3 0.0 0.0 1.3        170
  20020702   03540770 19.685 101.055    7.50 4.4 0.0 0.0 1.8        171
  20020702   20073070 22.813 103.479   33.00 3.3 0.0 0.0 0.9        172
  20020703   08103340 20.946 107.195    0.00 2.8 0.0 0.0 1.2        173
  20020704   08554580 21.608 105.764   15.80 1.3 0.0 0.0 0.3        174
  20020708   10505830 21.576 105.752   22.00 1.6 0.0 0.0 0.8        175
  20020709   04192920 21.227 106.587    7.50 1.7 0.0 0.0 0.4        176
  20020715   08475400 21.638 105.729    3.50 1.7 0.0 0.0 0.9        177
  20020716   05490620 20.265 104.936   25.50 2.4 0.0 0.0 0.7        178
  20020716   08134780 21.580 105.783    7.50 2.1 0.0 0.0 0.6        179
  20020728   04313770 21.791 105.802   18.40 1.7 0.0 0.0 0.4        180
  20020730   07425190 21.609 105.760   22.20 2.1 0.0 0.0 0.9        181
  20020809   06433259 20.011 104.028    9.00 2.5 0.0 0.0 0.6        182
  20020816   14362240 21.932 103.184   33.00 3.1 0.0 0.0 0.7        183
  20020819   14393790 22.802 103.127   33.00 3.2 0.0 0.0 0.8        184
  20020822   20203830 21.059 104.552   13.60 2.5 0.0 0.0 0.8        185
  20020823   08195430 22.623 103.263   13.80 3.7 0.0 0.0 1.1        186
  20020823   08210910 22.570 103.273    7.50 3.5 0.0 0.0 0.5        187
  20020829   10235550 23.091 103.739   12.10 3.5 0.0 0.0 0.8        188
  20020910   01560340 22.026 105.497   22.20 3.0 0.0 0.0 0.5        189
  20020922   04481060 21.574 103.105   33.00 2.9 0.0 0.0 0.8        190
  20020926   13582660 22.877 103.096   33.00 3.9 0.0 0.0 0.6        191
  20020930   07565160 21.004 107.307   17.30 2.7 0.0 0.0 0.5        192
  20021010   10200150 21.645 105.724    2.10 1.9 0.0 0.0 0.7        193
  20021105   17162000 20.266 104.914    7.50 2.9 0.0 0.0 0.6        194
  20021128   08144120 21.143 107.227    0.00 2.7 0.0 0.0 1.0        195
  20021130   06355680 21.568 105.768   10.60 2.0 0.0 0.0 0.6        196
  20021205   13453540 22.167 103.103   30.40 3.1 0.0 0.0 0.5        197
  20021217   09043390 21.596 105.771   12.40 2.1 0.0 0.0 0.4        198
  20021218   13194450 20.049 103.018    7.50 3.3 0.0 0.0 1.1        199
  20021219   06180100 21.105 106.742   10.00 2.2 0.0 0.0 0.6        200
  20021229   18550090 21.484 102.992   33.00 3.4 0.0 0.0 0.8        201
  20030114   09011270 20.970 107.200    0.00 2.5 0.0 0.0 0.4        202
  20030131   15085990 23.317 107.495   32.50 3.1 0.0 0.0 0.7        203
  20030213   10185790 21.669 105.729   26.40 2.2 0.0 0.0 0.5        204
  20030227   11002560 21.652 105.715   11.80 2.0 0.0 0.0 0.6        205
  20030306   14082830 22.588 103.493   12.60 3.4 0.0 0.0 1.2        206
  20030324   11114330 22.227 107.641   33.00 4.1 0.0 0.0 1.4        207
  20030403   23482270 21.051 103.148    7.50 4.6 0.0 0.0 1.3        208
  20030501   07231920 21.772 108.912   16.10 3.3 0.0 0.0 1.2        209
  20030520   15160730 20.718 108.433   33.00 3.5 0.0 0.0 0.8        210
  20030727   13395940 20.777 103.268   15.20 3.7 0.0 0.0 0.6        211
  20030801   03042760 23.356 107.410   11.60 3.3 0.0 0.0 0.6        212
  20030811   06331729 21.123 107.188   14.10 2.2 0.0 0.0 0.4        213
  20030812   14182840 20.597 105.267   10.40 2.7 0.0 0.0 0.5        214
  20030817   10513520 21.678 106.936   27.10 2.7 0.0 0.0 0.8        215
  20030818   08585570 21.019 107.157   17.30 2.1 0.0 0.0 0.7        216
  20030819   12210989 22.063 103.197    7.50 3.9 0.0 0.0 1.3        217
  20030823   09480670 21.096 104.839   12.10 3.3 0.0 0.0 0.5        218
  20030825   06532140 21.589 105.760    0.00 1.8 0.0 0.0 0.6        219
  20030828   10395070 21.604 105.784    9.80 2.3 0.0 0.0 0.5        220
  20030829   08143340 20.950 107.140    7.50 1.9 0.0 0.0 0.7        221
  20030830   07023730 21.717 106.988   20.20 2.3 0.0 0.0 0.6        222
  20030830   07461620 21.615 105.782    3.70 1.8 0.0 0.0 0.5        223
  20030906   04372790 21.626 105.796    9.20 2.1 0.0 0.0 0.7        224
  20030909   10565390 24.030 103.083    7.30 3.2 0.0 0.0 1.1        225
  20030913   04453750 21.641 105.873    7.50 1.7 0.0 0.0 0.9        226
  20030919   03552430 20.183 105.717   26.00 2.6 0.0 0.0 0.7        227
  20030922   14562840 20.595 100.986    6.80 4.0 0.0 0.0 1.2        228
  20031014   08201890 21.083 102.961    7.50 3.6 0.0 0.0 1.1        229
  20031101   07381560 21.188 107.128   32.80 2.4 0.0 0.0 1.4        230
  20031101   08154280 21.619 105.744   15.00 2.5 0.0 0.0 0.7        231
  20031103   18061250 20.791 103.158    7.50 3.3 0.0 0.0 1.7        232
  20031104   21440889 24.922 103.332   15.30 3.7 0.0 0.0 1.1        233
  20031105   08242470 21.124 106.733   10.40 2.4 0.0 0.0 0.7        234
  20031108   08184860 20.996 107.295   32.90 2.0 0.0 0.0 0.7        235
  20031108   08541679 21.633 105.729   10.80 2.0 0.0 0.0 0.6        236
  20031108   15005770 21.049 104.815   12.40 3.2 0.0 0.0 0.5        237
  20031111   15335310 21.964 105.198    8.20 2.0 0.0 0.0 0.3        238
  20031123   15081100 20.654 100.960    7.50 4.8 0.0 0.0 1.2        239
  20031213   13575860 21.457 103.096    6.90 3.7 0.0 0.0 0.8        240
  20031220   08321879 21.025 107.128   30.30 2.5 0.0 0.0 0.6        241
  20031222   22152910 22.214 109.490   16.10 3.1 0.0 0.0 0.4        242
  20031227   08190730 21.122 106.724    7.50 2.1 0.0 0.0 0.6        243
  20040101   11140989 23.207 102.980    7.50 3.8 0.0 0.0 1.4        244
  20040102   17543160 22.782 103.460   12.40 3.2 0.0 0.0 1.6        245
  20040104   08274160 21.119 106.737    3.10 2.4 0.0 0.0 0.2        246
  20040105   02214700 20.610 104.753   29.90 2.4 0.0 0.0 0.7        247
  20040105   06111890 21.000 107.027    0.00 2.3 0.0 0.0 0.7        248
  20040105   08204130 21.047 107.194    0.00 2.3 0.0 0.0 0.9        249
  20040105   15230010 19.239 105.854    7.50 2.8 0.0 0.0 0.8        250
  20040106   06405170 21.023 107.094    4.40 1.4 0.0 0.0 0.6        251
  20040106   09111890 21.047 107.195   32.90 2.5 0.0 0.0 0.3        252
  20040107   04042230 20.779 107.447   33.10 2.1 0.0 0.0 0.5        253
  20040112   10004320 21.758 107.208    7.50 2.4 0.0 0.0 0.4        254
  20040115   05011710 23.336 102.601   14.30 3.7 0.0 0.0 1.4        255
  20040115   12344850 17.938 106.823   33.00 3.3 0.0 0.0 0.9        256
  20040120   05544340 20.986 107.203   17.00 2.2 0.0 0.0 0.2        257
  20040123   00563200 23.461 103.237    0.00 2.9 0.0 0.0 1.2        258
  20040202   05010660 21.018 107.392   20.60 2.3 0.0 0.0 0.8        259
  20040202   08194810 21.029 107.610   36.40 2.5 0.0 0.0 0.9        260
  20040205   04134660 22.141 102.166    7.40 3.9 0.0 0.0 1.0        261
  20040222   04002510 21.079 107.151    0.00 2.2 0.0 0.0 0.5        262
  20040225   22044200 19.452 105.767   27.40 2.8 0.0 0.0 0.4        263
  20040228   11260900 21.588 105.751    8.00 2.3 0.0 0.0 0.4        264
  20040301   17283080 20.808 109.093    7.50 3.4 0.0 0.0 1.1        265
  20040309   08505960 20.558 105.861    9.60 1.5 0.0 0.0 0.6        266
  20040311   15035300 23.383 101.647    7.50 3.2 0.0 0.0 1.6        267
  20040410   18545630 20.842 104.426    4.60 2.6 0.0 0.0 0.3        268
  20040417   10351629 21.551 105.760    0.60 2.5 0.0 0.0 0.5        269
  20040420   14223259 22.374 102.873    7.50 3.1 0.0 0.0 1.2        270
  20040506   03064650 22.878 103.542    6.30 3.5 0.0 0.0 1.0        271
  20040508   07530419 21.616 105.759   13.60 1.5 0.0 0.0 0.5        272
  20040511   18333160 22.854 103.596    0.00 3.0 0.0 0.0 1.0        273
  20040906   21533990 24.133 104.364    7.50 3.3 0.0 0.0 0.9        274
  20040914   08153010 20.949 107.149    7.80 3.0 0.0 0.0 0.6        275
  20040930   06141020 20.252 107.732    6.90 3.0 0.0 0.0 0.8        276
  20041007   20234160 20.829 107.921    7.00 3.3 0.0 0.0 1.0        277
  20041017   12404520 24.581 103.011    7.50 4.5 0.0 0.0 1.8        278
  20041211   01071320 23.307 104.033    7.50 3.0 0.0 0.0 1.1        279
  20050107   14252280 18.960 105.315    7.50 4.6 0.0 0.0 1.1        280
  20050107   19383640 20.358 105.380   10.10 3.4 0.0 0.0 0.4        281
  20050111   03305570 20.563 102.514   11.00 3.6 0.0 0.0 1.0        282
  20050112   16003580 18.984 105.308    7.50 4.4 0.0 0.0 1.2        283
  20050117   17421610 19.132 105.311    0.10 3.2 0.0 0.0 0.8        284
  20050125   16303840 22.529 100.807   15.00 5.1 0.0 0.0 1.6        285
  20050125   22230350 23.298 104.033    7.50 3.8 0.0 0.0 1.1        286
  20050125   22322500 22.651 104.114   33.00 3.1 0.0 0.0 1.1        287
  20050125   22371010 23.316 103.993   33.10 3.2 0.0 0.0 1.0        288
  20050208   10062140 20.722 103.955   11.90 3.3 0.0 0.0 0.9        289
  20050419   06422530 21.153 106.751    6.20 2.1 0.0 0.0 0.3        290
  20050419   08332820 20.962 107.239   14.50 2.2 0.0 0.0 0.8        291
  20050511   09325090 21.041 106.633    3.50 2.4 0.0 0.0 0.3        292
  20050528   08175810 20.991 107.306   21.30 2.4 0.0 0.0 0.5        293
  20050601   14293580 20.454 106.233   16.70 2.3 0.0 0.0 0.5        294
  20050705   12072960 24.140 103.621    7.30 4.1 0.0 0.0 1.5        295
  20050717   05014840 23.465 104.115    7.50 4.1 0.0 0.0 1.8        296
  20050717   05452510 23.414 105.285    7.50 5.4 0.0 0.0 0.9        297
  20050718   16200520 21.225 103.391    7.50 4.0 0.0 0.0 0.8        298
  20050719   16264540 23.467 104.144    7.50 5.1 0.0 0.0 1.0        299
  20050807   04245080 21.412 105.655    6.00 2.3 0.0 0.0 0.3        300
  20050809   10301610 21.417 106.008    8.90 1.9 0.0 0.0 0.3        301
  20050813   04584450 23.483 104.084    7.50 4.4 0.0 0.0 1.0        302
  20050814   08593280 23.419 104.556    9.10 3.6 0.0 0.0 1.0        303
  20050814   18150690 23.486 104.015    7.50 5.0 0.0 0.0 1.3        304
  20050816   17592610 23.508 104.109    7.50 4.4 0.0 0.0 1.3        305
  20050816   18292480 23.494 104.083    7.50 4.5 0.0 0.0 1.1        306
  20050817   21584910 24.381 104.440    7.50 3.4 0.0 0.0 1.2        307
  20050818   04201450 23.582 104.230    0.00 3.2 0.0 0.0 1.2        308
  20050818   17314500 23.483 104.112    7.50 3.4 0.0 0.0 0.9        309
  20050820   05273450 23.414 104.072    7.50 3.8 0.0 0.0 1.3        310
  20050821   12483759 23.413 104.142    7.50 3.6 0.0 0.0 1.3        311
  20050822   15024720 23.475 104.164    0.00 3.4 0.0 0.0 1.0        312
  20050824   23385270 23.444 104.112   11.50 3.8 0.0 0.0 1.1        313
  20050826   23170870 23.523 104.231    7.50 3.9 0.0 0.0 0.9        314
  20050920   05151450 20.518 105.868    6.60 1.9 0.0 0.0 0.4        315
  20050920   08393490 20.984 107.318    7.50 2.8 0.0 0.0 0.4        316
  20050926   13483240 22.253 101.992    7.50 4.2 0.0 0.0 1.3        317
  20051010   13425470 21.945 105.493   14.10 3.8 0.0 0.0 0.5        318
  20051016   09192510 23.429 104.149    7.50 4.5 0.0 0.0 1.4        319
  20051019   21022800 23.530 104.114   11.70 3.6 0.0 0.0 0.9        320
  20051020   02023740 23.450 103.884    7.50 5.3 0.0 0.0 1.5        321
  20051027   11185760 23.541 107.406   16.00 6.3 0.0 0.0 0.9        322
  20051101   21132550 23.405 104.135   14.20 3.4 0.0 0.0 0.9        323
  20051112   00380710 24.952 103.088   11.70 3.5 0.0 0.0 1.4        324
  20051112   07090130 21.098 106.642    9.50 2.2 0.0 0.0 0.4        325
  20051119   08293520 21.046 107.260   13.00 2.3 0.0 0.0 0.2        326
  20051121   18494810 21.738 107.679   33.00 2.5 0.0 0.0 0.5        327
  20051122   05114860 20.178 105.951   19.80 2.1 0.0 0.0 0.4        328
  20051127   08540100 21.010 107.230   16.20 2.6 0.0 0.0 0.6        329
  20051215   04560780 21.109 106.741    1.30 1.2 0.0 0.0 0.4        330
  20051231   17220469 23.373 104.163    0.00 3.3 0.0 0.0 0.8        331
  20060106   11500460 23.015 104.197    0.00 3.8 0.0 0.0 0.9        332
  20060106   18280889 22.079 102.430   13.70 3.6 0.0 0.0 1.0        333
  20060106   18430370 22.100 102.418   10.10 3.4 0.0 0.0 1.2        334
  20060112   01052960 23.249 101.663    7.20 4.8 0.0 0.0 1.6        335
  20060115   14294760 21.741 103.285   15.60 3.0 0.0 0.0 0.7        336
  20060116   17580090 22.657 103.430   12.20 2.8 0.0 0.0 1.3        337
  20060226   16123690 21.210 103.357    7.50 3.5 0.0 0.0 1.1        338
  20060316   16223150 22.299 104.255   12.60 3.2 0.0 0.0 0.8        339
  20060403   17065120 19.586 107.368    7.50 3.8 0.0 0.0 1.5        340
  20060511   07441350 23.865 103.311    0.00 3.4 0.0 0.0 1.2        341
  20060623   17220889 24.292 102.756    7.50 4.1 0.0 0.0 1.1        342
  20060715   16173680 23.995 101.346    7.50 4.6 0.0 0.0 1.3        343
  20060902   18165440 22.263 102.226   12.10 2.7 0.0 0.0 0.4        344
  20060904   22070209 24.443 103.065    7.50 3.3 0.0 0.0 1.2        345
  20060906   19241750 23.034 102.328    9.30 2.9 0.0 0.0 0.8        346
  20060906   19282120 22.979 102.194   25.40 2.8 0.0 0.0 0.7        347
  20060916   17122570 21.465 109.636    7.50 4.5 0.0 0.0 1.3        348
  20060917   06103630 20.954 103.302    1.30 2.2 0.0 0.0 0.7        349
  20061016   19382420 22.003 102.329   10.70 2.3 0.0 0.0 0.9        350
  20061031   10372490 22.182 101.046    7.50 4.1 0.0 0.0 1.5        351
  20061102   21121870 23.616 104.348    7.50 3.3 0.0 0.0 0.9        352
  20061111   18455990 23.805 102.378    7.50 3.8 0.0 0.0 1.2        353
  20061123   16300080 22.682 102.375    7.50 3.9 0.0 0.0 1.5        354
  20061123   17505580 22.720 102.377   14.80 3.0 0.0 0.0 0.6        355
  20061124   12052100 23.024 104.188    7.50 3.5 0.0 0.0 1.1        356
  20070112   18214000 21.677 103.415    9.80 2.0 0.0 0.0 0.4        357
  20070126   18452770 22.796 102.755    7.50 2.9 0.0 0.0 1.2        358
  20070219   02583400 21.583 101.818   10.20 3.4 0.0 0.0 0.9        359
  20070306   15320800 22.005 101.306    7.50 3.7 0.0 0.0 1.1        360
  20070323   18450250 25.162 106.113    7.50 3.6 0.0 0.0 1.5        361
  20070401   18594720 20.044 102.812    7.50 3.0 0.0 0.0 1.3        362
  20070502   02021110 20.734 103.105    7.50 4.4 0.0 0.0 1.2        363
  20070502   04015140 20.761 103.130    7.50 3.5 0.0 0.0 0.9        364
  20070502   18295910 20.748 103.125    7.50 3.1 0.0 0.0 0.8        365
  20070515   14354770 20.495 100.830    7.50 4.7 0.0 0.0 1.4        366
  20070516   08561360 20.476 100.869   12.40 6.4 0.0 0.0 1.5        367
  20070516   10043590 20.568 100.810    7.50 4.2 0.0 0.0 1.4        368
  20070516   10154530 20.377 100.884    7.50 4.1 0.0 0.0 1.2        369
  20070516   10260320 20.542 100.839    7.50 3.4 0.0 0.0 1.5        370
  20070516   11160060 20.447 100.924    7.50 4.1 0.0 0.0 1.3        371
  20070516   11351670 20.440 100.909    7.50 3.4 0.0 0.0 1.4        372
  20070516   11435530 20.493 100.867    7.50 3.6 0.0 0.0 1.6        373
  20070516   13181210 20.388 100.848    7.50 4.8 0.0 0.0 1.3        374
  20070516   15225900 20.469 100.864    7.50 4.2 0.0 0.0 1.3        375
  20070516   17085750 20.430 100.891    7.50 4.3 0.0 0.0 1.3        376
  20070516   17232470 20.462 100.895    7.50 3.2 0.0 0.0 1.0        377
  20070517   03254530 20.566 100.855    9.80 4.1 0.0 0.0 1.5        378
  20070518   00015680 20.506 100.869    7.50 3.8 0.0 0.0 1.2        379
  20070518   13051700 20.618 100.814    7.50 4.2 0.0 0.0 1.6        380
  20070519   19240600 20.344 100.939    7.50 3.1 0.0 0.0 1.1        381
  20070520   01212150 20.355 100.923    7.50 3.4 0.0 0.0 1.6        382
  20070521   21292920 20.448 100.899    7.50 3.4 0.0 0.0 1.0        383
  20070522   14252050 20.474 100.881    7.50 3.2 0.0 0.0 1.3        384
  20070522   18260070 20.421 100.880    7.50 3.8 0.0 0.0 1.4        385
  20070523   17062880 20.473 100.905    7.50 4.0 0.0 0.0 1.2        386
  20070524   11151760 20.444 100.880    7.50 3.9 0.0 0.0 1.1        387
  20070531   15442690 22.556 102.636    7.50 3.3 0.0 0.0 0.8        388
  20070602   21345610 23.120 100.962    7.20 5.7 0.0 0.0 1.4        389
  20070602   22274360 23.011 101.033   11.90 3.7 0.0 0.0 0.8        390
  20070602   23280600 23.127 100.965   10.40 3.4 0.0 0.0 0.8        391
  20070603   00093580 23.000 101.133    7.50 4.2 0.0 0.0 1.6        392
  20070603   02490130 23.076 101.094   11.80 4.3 0.0 0.0 1.4        393
  20070603   16055580 23.006 101.029    7.50 3.6 0.0 0.0 1.5        394
  20070603   16361600 22.998 101.102    7.50 3.7 0.0 0.0 1.8        395
  20070604   11534300 23.028 101.097   13.00 3.8 0.0 0.0 1.2        396
  20070605   09355610 22.985 101.130    7.50 3.9 0.0 0.0 1.6        397
  20070605   10400570 22.904 101.093   14.10 3.6 0.0 0.0 1.5        398
  20070607   05311600 21.914 103.086   13.90 3.3 0.0 0.0 0.7        399
  20070607   17210750 20.526 100.867    7.50 5.0 0.0 0.0 1.3        400
  20070609   12163870 23.847 103.198    7.50 4.1 0.0 0.0 1.3        401
  20070609   23282960 21.900 103.057    0.00 2.9 0.0 0.0 0.2        402
  20070611   21455560 23.023 101.029    7.50 3.3 0.0 0.0 1.5        403
  20070618   18440800 20.373 100.953    9.90 2.6 0.0 0.0 1.0        404
  20070622   16524370 21.637 103.378    9.50 2.2 0.0 0.0 0.5        405
  20070623   06535440 21.472 100.009   14.20 4.5 0.0 0.0 1.5        406
  20070625   17371210 21.675 100.010   16.10 3.7 0.0 0.0 1.0        407
  20070628   18525540 21.594 100.056    7.50 3.5 0.0 0.0 1.3        408
  20070717   03241820 24.857 106.891    7.50 4.5 0.0 0.0 1.2        409
  20070721   08471270 21.303 104.086   14.20 3.0 0.0 0.0 0.9        410
  20070726   07143930 20.766 103.159    7.50 2.8 0.0 0.0 0.8        411
  20070804   01241350 23.217 101.683    7.50 3.9 0.0 0.0 1.3        412
  20070809   19015580 25.036 106.924   11.10 4.2 0.0 0.0 1.2        413
  20070810   21275380 24.256 103.960    7.50 3.6 0.0 0.0 1.5        414
  20070815   17211020 24.215 103.919    7.50 3.3 0.0 0.0 1.3        415
  20070902   09063370 23.960 105.321    7.50 3.8 0.0 0.0 1.1        416
  20070906   18514640 23.312 105.546    9.10 4.2 0.0 0.0 1.1        417
  20070908   07125270 20.500 100.885    7.50 4.5 0.0 0.0 1.4        418
  20070909   16310830 24.278 103.974    7.50 3.0 0.0 0.0 1.0        419
  20070909   16355650 24.240 103.916    7.50 4.2 0.0 0.0 1.3        420
  20070910   21340939 24.250 103.954    7.50 3.1 0.0 0.0 1.2        421
  20070910   22021490 24.248 103.944    7.50 3.6 0.0 0.0 1.1        422
  20070915   18004840 23.135 101.035    6.90 4.1 0.0 0.0 1.5        423
  20071016   06465620 20.481 100.863    7.50 4.3 0.0 0.0 1.5        424
  20071031   00515140 24.480 104.609   32.90 3.2 0.0 0.0 1.0        425
  20080103   05594360 19.153 104.855   16.30 3.1 0.0 0.0 0.4        426
  20080205   18412940 22.878 105.423   10.90 2.3 0.0 0.0 0.7        427
  20080210   02414750 21.613 103.367    7.50 3.1 0.0 0.0 0.9        428
  20080216   20280040 21.389 103.017    9.10 2.6 0.0 0.0 0.6        429
  20080225   23015920 22.874 104.187    8.00 3.0 0.0 0.0 0.5        430
  20080424   03185090 20.871 104.997   18.50 2.0 0.0 0.0 0.6        431
  20080429   19110960 21.106 107.675   21.70 2.4 0.0 0.0 0.4        432
  20080514   11453859 23.650 102.771    7.50 4.7 0.0 0.0 1.2        433
  20080514   11493500 23.634 102.768    7.50 3.5 0.0 0.0 1.0        434
  20080514   14163609 23.618 102.682    7.50 3.7 0.0 0.0 0.6        435
  20080615   23515490 24.223 107.249    0.10 3.8 0.0 0.0 1.1        436
  20080615   23515390 24.217 107.378    7.50 3.9 0.0 0.0 1.0        437
  20080619   17210820 25.010 106.758    6.50 3.4 0.0 0.0 0.8        438
  20080807   19095670 20.994 104.609   13.30 3.0 0.0 0.0 0.6        439
  20080825   05411200 24.711 104.344    7.50 4.0 0.0 0.0 1.1        440
  20080901   22020190 22.847 103.530   10.70 2.6 0.0 0.0 0.9        441
  20080902   19260839 24.763 103.345   12.40 2.7 0.0 0.0 0.8        442
  20080914   23374500 23.590 102.901    7.50 3.8 0.0 0.0 0.8        443
  20081002   17304870 20.403 104.650   18.10 2.0 0.0 0.0 0.6        444
  20081007   18294220 25.488 101.885    7.50 4.0 0.0 0.0 1.4        445
  20081008   02213900 23.498 102.025    6.40 4.1 0.0 0.0 1.1        446
  20081017   21374450 23.285 103.984    6.50 4.1 0.0 0.0 0.9        447
  20081018   17435980 23.415 103.701    7.50 2.7 0.0 0.0 0.6        448
  20081019   20580850 21.891 103.031    7.60 3.1 0.0 0.0 0.8        449
  20081116   16211360 21.717 103.458    7.50 2.3 0.0 0.0 1.0        450
  20081117   11044690 22.628 103.218    7.50 3.2 0.0 0.0 1.0        451
  20081129   08062550 20.634 100.865    7.50 4.2 0.0 0.0 1.0        452
  20081129   17094330 24.305 103.884    8.30 2.4 0.0 0.0 1.2        453
  20081202   00422450 23.738 103.307    7.50 3.4 0.0 0.0 1.3        454
  20081223   01203850 23.368 101.741    7.50 3.5 0.0 0.0 1.5        455
  20081225   18195510 24.888 103.004    7.50 3.9 0.0 0.0 1.4        456
  20081225   19152590 24.882 102.991    7.50 3.2 0.0 0.0 1.4        457
  20081227   17333370 23.896 101.201    7.50 3.6 0.0 0.0 1.6        458
  20081229   19494990 22.440 102.335    7.50 3.4 0.0 0.0 1.3        459
  20090106   01294390 22.564 100.752    7.50 3.4 0.0 0.0 1.6        460
  20090120   04030190 22.139 101.347    7.60 3.8 0.0 0.0 1.2        461
  20090128   21215010 23.308 102.919    0.00 2.6 0.0 0.0 0.9        462
  20090129   04384009 23.327 102.781   33.00 3.2 0.0 0.0 0.7        463
  20090201   04530330 21.861 102.342    7.50 3.3 0.0 0.0 1.3        464
  20090224   15200370 24.484 102.138    0.00 3.6 0.0 0.0 1.1        465
  20090307   07280730 22.906 104.130    7.50 3.8 0.0 0.0 1.0        466
  20090308   20280790 23.208 104.036   11.90 2.8 0.0 0.0 0.7        467
  20090309   21473430 23.029 104.178    7.50 2.6 0.0 0.0 0.8        468
  20090321   18313470 22.399 102.337   22.80 2.7 0.0 0.0 0.6        469
  20090327   14433440 22.268 102.717    6.20 3.6 0.0 0.0 0.8        470
  20090404   22035220 23.219 101.763    7.50 4.0 0.0 0.0 1.5        471
  20090404   22391210 23.281 101.813   13.90 2.7 0.0 0.0 0.9        472
  20090422   18463930 21.917 103.099   13.90 2.4 0.0 0.0 0.8        473
  20090427   22181030 23.413 102.525    7.50 3.2 0.0 0.0 0.7        474
  20090502   23221340 23.154 104.368   14.50 2.4 0.0 0.0 0.4        475
  20090505   17185080 23.695 103.437    7.50 3.1 0.0 0.0 0.6        476
  20090519   00025000 20.797 104.101   16.60 3.2 0.0 0.0 0.8        477
  20090522   07581100 20.441 100.894    7.50 3.7 0.0 0.0 1.0        478
  20090522   18502230 21.402 102.172    7.50 4.3 0.0 0.0 1.4        479
  20090527   20385580 21.279 101.735    7.50 3.3 0.0 0.0 1.1        480
  20090528   08414480 21.345 101.704    7.50 3.6 0.0 0.0 1.2        481
  20090603   19384730 21.192 101.781    7.50 2.4 0.0 0.0 1.3        482
  20090612   21011970 23.728 102.610    0.00 2.7 0.0 0.0 1.0        483
  20090613   05400670 23.684 102.576    7.50 3.7 0.0 0.0 0.7        484
  20090620   13043050 22.992 101.071   13.40 3.4 0.0 0.0 1.7        485
  20090620   22211620 23.010 101.058    7.50 3.7 0.0 0.0 1.0        486
  20090712   16012390 25.304 101.222    0.00 4.6 0.0 0.0 1.5        487
  20090725   18280340 19.649 103.170   15.40 2.5 0.0 0.0 0.4        488
  20090809   14113820 21.587 101.923   13.50 3.0 0.0 0.0 0.6        489
  20090816   17571400 20.389 100.798    7.50 4.0 0.0 0.0 1.2        490
  20090819   02252750 22.306 102.531   27.70 3.6 0.0 0.0 0.9        491
  20090819   15470550 22.041 102.518   26.40 2.4 0.0 0.0 0.5        492
  20090820   07161870 23.294 102.937    7.50 2.8 0.0 0.0 0.8        493
  20090906   18045380 22.074 101.242    9.50 3.3 0.0 0.0 1.1        494
  20090906   20491540 21.100 104.774   14.90 2.8 0.0 0.0 0.3        495
  20090915   16082890 21.434 101.776    7.50 2.6 0.0 0.0 1.5        496
  20090916   09524140 21.204 102.788   32.50 2.4 0.0 0.0 1.3        497
  20090921   15310170 22.945 103.572   15.80 2.0 0.0 0.0 0.5        498
  20091001   11505540 20.859 101.870    7.50 3.2 0.0 0.0 1.1        499
  20091001   11560889 20.863 102.027    7.50 3.3 0.0 0.0 1.0        500
  20091005   16530870 22.117 101.842    7.50 4.1 0.0 0.0 1.5        501
  20091009   14561210 20.759 101.899    7.50 3.1 0.0 0.0 0.9        502
  20091014   01583630 20.713 101.930    7.50 4.0 0.0 0.0 1.3        503
  20091024   03125390 23.095 103.214    7.40 2.6 0.0 0.0 0.9        504
  20091024   03313720 22.162 101.840    7.50 3.3 0.0 0.0 1.3        505
  20091101   04512230 24.668 101.088    6.70 4.1 0.0 0.0 1.1        506
  20091102   14091760 20.781 101.939    7.50 2.9 0.0 0.0 1.0        507
  20091102   20275280 20.750 101.920    7.50 3.5 0.0 0.0 0.9        508
  20091107   03545440 20.584 101.944    7.50 2.8 0.0 0.0 1.2        509
  20091110   07365340 20.707 101.930    7.50 4.0 0.0 0.0 1.3        510
  20091110   08014530 20.699 101.905    7.50 3.3 0.0 0.0 1.0        511
  20091110   12043909 20.748 101.940    7.50 2.8 0.0 0.0 1.1        512
  20091111   17273480 20.686 101.932    7.50 2.6 0.0 0.0 1.2        513
  20091112   07370980 23.416 103.427   15.10 2.7 0.0 0.0 1.0        514
  20091119   12115400 23.049 100.948    7.50 4.0 0.0 0.0 1.2        515
  20091126   04465990 21.304 104.163    7.50 4.1 0.0 0.0 0.9        516
  20091126   04494450 21.348 104.165    7.50 2.5 0.0 0.0 0.8        517
  20091126   12015740 21.347 104.178   17.00 2.2 0.0 0.0 0.9        518
  20091126   13590190 21.289 104.171   11.30 3.6 0.0 0.0 1.1        519
  20091126   19521210 21.323 104.171   12.10 2.1 0.0 0.0 0.8        520
  20091204   16124790 20.755 101.894    7.50 2.7 0.0 0.0 1.0        521
  20091208   17330570 21.329 104.161    9.50 2.6 0.0 0.0 0.4        522
  20091211   03101840 22.856 103.751   12.80 2.5 0.0 0.0 0.9        523
  20091213   19083400 22.660 101.256    7.50 3.5 0.0 0.0 1.1        524
  20091227   00044350 19.788 101.662    0.00 2.8 0.0 0.0 1.1        525
  20100101   00061960 21.295 104.150   19.30 2.2 0.0 0.0 0.3        526
  20100102   19033500 22.805 102.260   15.90 3.1 0.0 0.0 2.0        527
  20100106   23271820 22.687 102.618   33.00 3.0 0.0 0.0 1.1        528
  20100112   14140110 25.364 105.689   33.10 3.7 0.0 0.0 0.7        529
  20100117   09372640 25.367 105.799    7.50 4.1 0.0 0.0 0.9        530
  20100208   10072100 23.688 103.256   43.20 3.0 0.0 0.0 1.4        531
  20100210   19125050 25.431 105.609    7.50 2.7 0.0 0.0 1.0        532
  20100211   09013400 21.057 107.207   33.00 2.5 0.0 0.0 0.6        533
  20100213   11025100 21.296 104.169    7.50 1.9 0.0 0.0 0.3        534
  20100216   21280450 24.705 100.644    7.50 3.0 0.0 0.0 1.5        535
  20100217   00105740 23.268 106.580   19.80 2.8 0.0 0.0 0.6        536
  20100217   22164980 20.911 104.659   15.30 2.5 0.0 0.0 1.0        537
  20100219   10122620 24.416 103.028    7.50 3.0 0.0 0.0 1.4        538
  20100223   14335860 20.893 104.725    9.30 2.0 0.0 0.0 0.7        539
  20100225   04565370 25.351 102.024   15.90 4.8 0.0 0.0 1.2        540
  20100317   18095600 20.476 100.810    7.50 3.5 0.0 0.0 1.1        541
  20100319   19533800 21.425 100.074    7.50 4.8 0.0 0.0 1.6        542
  20100323   07290390 23.515 101.569    6.80 3.0 0.0 0.0 1.2        543
  20100323   11265280 21.532 104.021    8.50 1.8 0.0 0.0 1.0        544
  20100327   08154220 21.060 107.279    7.50 2.8 0.0 0.0 0.8        545
  20100327   08590839 21.024 107.357   16.20 2.8 0.0 0.0 0.3        546
  20100402   18033250 20.445 100.748    0.00 4.1 0.0 0.0 1.1        547
  20100402   20263060 22.296 100.334    7.50 4.1 0.0 0.0 1.6        548
  20100406   15093140 20.385 104.945   16.30 2.2 0.0 0.0 0.5        549
  20100415   09535450 21.691 103.419    9.60 2.5 0.0 0.0 0.5        550
  20100415   11233659 21.677 103.419    9.20 2.0 0.0 0.0 0.3        551
  20100429   04511600 25.017 102.045    7.50 3.4 0.0 0.0 1.1        552
  20100502   14523959 23.128 105.018   18.20 2.3 0.0 0.0 0.5        553
  20100506   05595120 21.209 101.736    7.90 3.1 0.0 0.0 1.2        554
  20100511   19450550 21.353 101.663    7.50 4.0 0.0 0.0 1.2        555
  20100523   14261370 21.235 101.716    0.00 3.4 0.0 0.0 0.8        556
  20100528   14533490 22.582 100.822    7.50 3.8 0.0 0.0 1.3        557
  20100601   11151570 24.266 104.437   12.30 2.9 0.0 0.0 0.7        558
  20100618   20463640 19.717 102.871    7.50 3.0 0.0 0.0 1.0        559
  20100620   09184670 21.316 101.739    7.50 3.9 0.0 0.0 1.1        560
  20100620   17220939 21.322 101.774    7.50 3.4 0.0 0.0 1.3        561
  20100622   15545400 21.267 101.764    7.50 3.3 0.0 0.0 1.4        562
  20100622   21510190 21.315 101.746    7.50 3.2 0.0 0.0 1.3        563
  20100628   18102780 24.085 106.767    7.50 2.8 0.0 0.0 1.0        564
  20100705   19395780 20.848 106.970    7.50 3.2 0.0 0.0 1.2        565
  20100708   02592430 23.323 103.747    0.00 2.8 0.0 0.0 1.0        566
  20100719   12094350 20.338 103.819    7.50 2.6 0.0 0.0 1.0        567
  20100808   03355660 22.958 104.177    6.70 3.2 0.0 0.0 0.5        568
  20100809   01334080 22.978 104.149   11.90 3.0 0.0 0.0 0.4        569
  20100815   08255890 23.474 104.148   15.90 3.4 0.0 0.0 0.7        570
  20100816   16043380 22.506 109.102   16.10 3.8 0.0 0.0 0.8        571
  20100918   10070510 24.973 106.651    6.10 4.3 0.0 0.0 1.1        572
  20100919   08581650 20.122 104.829    7.50 4.3 0.0 0.0 1.2        573
  20100922   06045720 20.225 104.929   11.60 2.9 0.0 0.0 0.9        574
  20100925   22120180 25.331 105.630   13.20 3.1 0.0 0.0 1.1        575
  20100929   20181829 20.231 104.927   13.00 2.9 0.0 0.0 0.6        576
  20100929   21512000 23.695 102.208   10.70 3.4 0.0 0.0 0.8        577
  20101002   02523070 21.991 101.767    7.50 3.8 0.0 0.0 1.6        578
  20101004   05234440 23.207 104.351   16.50 2.2 0.0 0.0 0.7        579
  20101004   10453609 25.313 105.728   16.10 4.3 0.0 0.0 0.8        580
  20101004   13091990 20.628 100.708    7.50 3.8 0.0 0.0 1.5        581
  20101004   16394080 25.318 105.695   13.80 3.4 0.0 0.0 0.9        582
  20101005   05021210 23.807 106.069   16.10 3.5 0.0 0.0 0.7        583
  20101010   14505670 22.001 101.616    7.50 3.6 0.0 0.0 1.2        584
  20101010   20462900 20.723 101.925    7.50 3.3 0.0 0.0 1.2        585
  20101019   20214820 18.970 105.297    7.50 4.0 0.0 0.0 1.1        586
  20101111   17210170 21.343 101.719    9.70 3.3 0.0 0.0 1.3        587
  20101116   17040400 24.395 104.254   33.00 3.4 0.0 0.0 1.1        588
  20101122   10561740 20.224 104.926    6.30 2.9 0.0 0.0 1.0        589
  20101126   20471560 20.229 104.900    7.50 2.5 0.0 0.0 1.2        590
  20101202   21255300 23.538 103.140   33.10 2.8 0.0 0.0 0.9        591
  20101202   22241000 19.896 105.261   19.90 1.9 0.0 0.0 0.9        592
  20101206   21050770 22.563 106.219   12.80 3.0 0.0 0.0 0.7        593
  20101208   14405390 21.829 103.538    7.50 2.1 0.0 0.0 0.9        594
  20101208   14422160 21.796 103.580    7.50 1.8 0.0 0.0 0.7        595
  20101210   18194150 23.391 103.265   12.30 2.6 0.0 0.0 1.1        596
  20101213   01503080 23.675 102.717   16.10 3.2 0.0 0.0 0.5        597
  20101219   15273900 24.813 106.119   31.10 3.0 0.0 0.0 1.0        598
  20101221   16380900 20.957 105.663   14.10 2.4 0.0 0.0 0.7        599
  20101225   17404180 21.817 103.548    9.80 1.5 0.0 0.0 0.7        600
  20101227   22581300 22.403 105.084   24.70 2.5 0.0 0.0 0.6        601
  20101230   18501600 20.784 103.404    7.50 4.5 0.0 0.0 0.9        602
  20101230   21435910 20.778 103.383    7.50 3.4 0.0 0.0 0.8        603
  20110103   17362290 21.863 103.534    7.50 1.7 0.0 0.0 0.5        604
  20110106   11465220 21.486 104.008    5.50 1.7 0.0 0.0 0.3        605
  20110110   03575470 22.501 105.194   14.10 3.0 0.0 0.0 0.7        606
  20110121   19235350 21.474 104.000    2.70 1.6 0.0 0.0 0.5        607
  20110122   19503359 23.109 102.430    7.50 2.3 0.0 0.0 0.7        608
  20110123   15461790 23.098 101.696    7.50 4.1 0.0 0.0 1.7        609
  20110126   02172110 21.876 103.528    1.10 2.0 0.0 0.0 0.6        610
  20110126   19391610 24.081 103.830    7.50 2.6 0.0 0.0 1.0        611
  20110203   18011050 21.815 103.535    6.60 2.6 0.0 0.0 0.6        612
  20110203   20180700 21.790 103.553   10.40 1.1 0.0 0.0 0.2        613
  20110204   05580700 21.603 103.653   16.20 2.3 0.0 0.0 0.8        614
  20110205   15312780 22.355 103.040    8.60 3.1 0.0 0.0 1.0        615
  20110210   21551310 22.586 103.959   15.60 2.4 0.0 0.0 0.9        616
  20110222   07122010 22.471 102.792   32.60 3.4 0.0 0.0 1.6        617
  20110223   15531390 18.785 101.761    7.50 4.5 0.0 0.0 1.5        618
  20110224   20042280 20.774 103.403    7.50 3.2 0.0 0.0 0.5        619
  20110302   19262460 21.482 103.986    2.20 1.6 0.0 0.0 0.3        620
  20110303   02183209 18.679 101.664   33.00 3.1 0.0 0.0 0.9        621
  20110303   22371490 23.750 103.299    7.50 3.7 0.0 0.0 1.3        622
  20110307   19143950 21.458 103.992    1.90 2.4 0.0 0.0 0.8        623
  20110313   16340230 23.515 102.539    7.50 3.5 0.0 0.0 1.1        624
  20110317   18105630 22.797 104.190    7.60 3.1 0.0 0.0 0.8        625
  20110320   19410400 20.817 103.457    7.50 2.1 0.0 0.0 0.9        626
  20110323   21154990 21.588 103.645   11.20 1.9 0.0 0.0 0.3        627
  20110323   21540610 21.578 103.642    1.20 1.6 0.0 0.0 0.7        628
  20110324   14235490 20.559 100.090    7.50 4.6 0.0 0.0 1.6        629
  20110324   17200950 20.630 100.236    7.50 4.4 0.0 0.0 1.4        630
  20110324   17290550 20.994 101.081    7.50 2.9 0.0 0.0 1.0        631
  20110324   17415560 20.588 100.009    7.50 3.3 0.0 0.0 1.2        632
  20110324   17490839 20.462 100.119    7.50 3.1 0.0 0.0 1.3        633
  20110324   18101750 20.554 100.157    7.50 3.2 0.0 0.0 1.1        634
  20110324   18330670 20.710 100.102    7.50 3.1 0.0 0.0 1.1        635
  20110324   18590710 20.666 100.019    7.50 3.3 0.0 0.0 0.8        636
  20110324   19293370 20.531 100.158    7.50 3.7 0.0 0.0 1.1        637
  20110324   21035200 20.559 100.012    7.50 3.5 0.0 0.0 1.4        638
  20110324   22362510 20.650 100.181    0.00 3.2 0.0 0.0 1.3        639
  20110324   23171679 20.600 100.119    7.50 3.7 0.0 0.0 1.2        640
  20110324   23350260 20.538 100.011    0.00 3.4 0.0 0.0 1.3        641
  20110325   00355370 20.452 100.018    7.50 3.9 0.0 0.0 1.0        642
  20110325   03255980 20.481 100.020    7.50 4.1 0.0 0.0 1.3        643
  20110325   05291979 20.578 100.033    7.50 3.5 0.0 0.0 1.3        644
  20110325   06303880 20.665 100.245    7.50 4.2 0.0 0.0 1.5        645
  20110325   18450090 20.545 100.110    7.50 3.2 0.0 0.0 1.1        646
  20110325   20464050 20.473 100.001    7.50 3.3 0.0 0.0 1.2        647
  20110325   22372370 20.448 100.081    7.50 3.9 0.0 0.0 1.2        648
  20110326   05572960 20.562 100.267    7.50 5.2 0.0 0.0 1.2        649
  20110326   20254650 20.614 100.216    7.50 3.6 0.0 0.0 1.4        650
  20110327   03435010 23.484 104.135   12.50 3.3 0.0 0.0 0.7        651
  20110328   12541829 20.562 100.261    7.50 2.9 0.0 0.0 1.1        652
  20110328   20472630 20.635 100.215    7.50 3.7 0.0 0.0 1.4        653
  20110328   22024880 20.789 103.421    7.50 2.4 0.0 0.0 0.9        654
  20110401   16054720 21.520 103.994    6.00 2.2 0.0 0.0 0.4        655
  20110401   20421350 20.629 100.276    7.50 2.9 0.0 0.0 1.0        656
  20110405   19080419 20.414 100.287    9.70 2.9 0.0 0.0 1.2        657
  20110405   22135070 20.100 100.369   32.90 3.4 0.0 0.0 1.6        658
  20110407   08253809 20.467 100.021    7.50 3.3 0.0 0.0 1.1        659
  20110407   18353770 20.959 101.061   13.30 3.8 0.0 0.0 0.9        660
  20110413   02152320 21.723 101.846   16.70 2.7 0.0 0.0 0.6        661
  20110420   04113220 20.580 100.162    7.50 3.8 0.0 0.0 1.2        662
  20110421   20262170 23.381 102.518   33.00 2.6 0.0 0.0 0.9        663
  20110423   19024760 22.751 103.085    0.00 2.7 0.0 0.0 0.9        664
  20110425   10304690 21.994 103.411    7.50 2.9 0.0 0.0 0.7        665
  20110426   16244710 20.473 100.317   33.00 2.9 0.0 0.0 1.5        666
  20110428   06203800 22.046 103.362   20.30 2.3 0.0 0.0 0.5        667
  20110507   13015610 20.755 103.124    7.50 3.8 0.0 0.0 1.0        668
  20110519   05073120 21.128 106.765   18.50 2.1 0.0 0.0 0.7        669
  20110521   20311770 22.832 103.691   13.70 3.9 0.0 0.0 1.0        670
  20110521   23064990 22.837 103.693   21.40 2.1 0.0 0.0 0.4        671
  20110522   16124670 22.811 103.751   11.70 2.6 0.0 0.0 0.8        672
  20110524   00025790 22.839 103.665   26.20 3.0 0.0 0.0 0.8        673
  20110615   02030560 21.629 103.702   15.80 2.4 0.0 0.0 0.2        674
  20110620   20334810 21.624 103.987    7.50 1.7 0.0 0.0 0.5        675
  20110622   01421410 25.367 100.266    7.50 4.1 0.0 0.0 1.5        676
  20110629   08263859 20.802 103.431    7.50 3.3 0.0 0.0 0.7        677
  20110709   03130450 22.041 103.422   16.20 2.9 0.0 0.0 0.8        678
  20110714   08170989 23.749 103.323    7.50 3.6 0.0 0.0 1.2        679
  20110728   11034800 21.492 105.151    6.30 2.7 0.0 0.0 0.6        680
  20110731   02225630 21.583 103.685   12.50 2.6 0.0 0.0 0.8        681
  20110731   18305360 21.598 103.670   15.30 1.9 0.0 0.0 0.3        682
  20110803   06062210 21.585 103.658   16.60 3.0 0.0 0.0 0.6        683
  20110804   16393480 21.544 103.650   21.10 2.5 0.0 0.0 0.9        684
  20110805   15153620 21.609 103.671    7.50 1.6 0.0 0.0 0.8        685
  20110816   08422280 21.596 103.669   12.70 1.9 0.0 0.0 0.6        686
  20110818   01411770 21.809 103.578    7.50 3.0 0.0 0.0 0.9        687
  20110819   09011770 21.540 101.651    9.40 2.9 0.0 0.0 0.7        688
  20110819   09052540 21.030 107.334   17.60 2.5 0.0 0.0 0.7        689
  20110820   15551729 20.789 100.505   14.10 3.3 0.0 0.0 1.9        690
  20110901   15544110 21.631 103.363   10.40 2.7 0.0 0.0 0.4        691
  20110907   15353750 22.662 100.693   15.20 2.8 0.0 0.0 1.3        692
  20110919   02142530 21.531 103.675   19.30 2.3 0.0 0.0 0.3        693
  20110921   12100390 21.834 103.606   21.90 2.7 0.0 0.0 1.0        694
  20110921   14592980 21.834 103.586   18.20 2.4 0.0 0.0 0.7        695
  20111002   12533759 21.034 104.495   15.40 2.9 0.0 0.0 0.7        696
  20111011   20282080 21.522 103.986    6.10 1.6 0.0 0.0 0.9        697
  20111012   04321629 22.980 104.214   10.70 3.4 0.0 0.0 0.6        698
  20111015   04272760 22.171 103.417   16.60 2.5 0.0 0.0 0.9        699
  20111015   08361280 22.185 103.371   33.00 2.0 0.0 0.0 0.5        700
  20111020   12483840 21.530 103.999   11.70 2.5 0.0 0.0 0.8        701
  20111020   12573590 21.477 104.017   19.80 1.9 0.0 0.0 1.4        702
  20111020   14464950 21.551 103.985    7.50 2.0 0.0 0.0 0.7        703
  20111020   17553600 21.524 103.979    9.80 2.1 0.0 0.0 0.7        704
  20111025   09341850 21.570 103.979   10.10 2.0 0.0 0.0 0.5        705
  20111025   09471460 21.544 103.987    3.40 2.0 0.0 0.0 0.6        706
  20111026   02590720 22.129 103.403   16.60 1.9 0.0 0.0 1.0        707
  20111026   14033380 21.735 103.606   16.40 2.0 0.0 0.0 0.6        708
  20111026   19103680 22.064 103.362   16.00 2.9 0.0 0.0 0.6        709
  20111026   19552070 22.014 103.345    7.50 2.5 0.0 0.0 0.5        710
  20111027   11292140 22.288 103.287   33.70 2.6 0.0 0.0 1.0        711
  20111028   20323890 21.510 103.974   18.10 2.2 0.0 0.0 0.8        712
  20111028   23430130 21.810 103.469   30.90 2.5 0.0 0.0 1.1        713
  20111101   18334450 21.564 103.981    9.50 2.2 0.0 0.0 0.4        714
  20111101   19211779 21.568 103.977    8.00 2.0 0.0 0.0 0.3        715
  20111102   11330290 22.182 100.749    7.50 3.5 0.0 0.0 1.2        716
  20111105   20442820 25.222 105.737    7.50 4.2 0.0 0.0 1.1        717
  20111106   23255550 20.038 105.591   11.80 2.7 0.0 0.0 0.7        718
  20111110   10521670 21.520 103.983   16.10 2.6 0.0 0.0 0.5        719
  20111113   21034059 21.523 103.976   17.20 2.4 0.0 0.0 0.7        720
  20111116   04025150 21.356 104.203    5.30 1.6 0.0 0.0 0.1        721
  20111116   09532660 21.720 103.625    2.20 2.0 0.0 0.0 0.5        722
  20111118   15273250 21.568 103.996    6.50 0.6 0.0 0.0 0.2        723
  20111118   23543359 21.639 103.277   14.40 1.8 0.0 0.0 0.5        724
  20111120   04015660 21.250 103.899    6.60 1.4 0.0 0.0 0.8        725
  20111121   03365620 21.349 104.216    1.30 1.3 0.0 0.0 0.3        726
  20111121   21075340 21.611 103.377    7.50 2.0 0.0 0.0 0.6        727
  20111122   13464990 21.550 103.987    6.00 1.5 0.0 0.0 0.7        728
  20111122   14105930 22.524 105.209   33.00 2.7 0.0 0.0 0.7        729
  20111122   14173530 21.550 103.990    5.40 1.7 0.0 0.0 0.5        730
  20111122   22503430 21.638 103.933    5.40 1.2 0.0 0.0 0.2        731
  20111123   06334890 21.857 103.854    2.70 1.4 0.0 0.0 0.3        732
  20111123   13022080 21.636 103.638    2.20 1.1 0.0 0.0 0.5        733
  20111123   14173010 21.662 103.719    1.50 1.0 0.0 0.0 0.2        734
  20111124   21241629 21.659 103.668    1.80 1.2 0.0 0.0 0.7        735
  20111126   14510170 20.833 103.143    7.50 2.4 0.0 0.0 0.6        736
  20111127   22115480 21.712 103.635    2.00 1.3 0.0 0.0 0.5        737
  20111201   00580830 21.672 103.637    2.20 1.3 0.0 0.0 0.5        738
  20111201   14521120 23.686 103.294   12.90 3.0 0.0 0.0 1.1        739
  20111203   15402660 21.709 103.629    7.50 1.8 0.0 0.0 0.5        740
  20111205   13553809 21.457 104.020    2.20 1.2 0.0 0.0 0.6        741
  20111206   07272120 21.680 103.638    2.00 1.1 0.0 0.0 0.6        742
  20111211   05545620 21.717 103.637    7.50 1.8 0.0 0.0 0.6        743
  20111214   20583020 22.175 103.426   20.80 2.0 0.0 0.0 0.8        744
  20111216   04150370 21.485 104.012    7.00 1.3 0.0 0.0 0.2        745
  20111216   20451370 21.638 103.953    5.70 1.0 0.0 0.0 0.4        746
  20111218   07440640 21.872 103.519    1.40 1.6 0.0 0.0 0.4        747
  20111219   10210400 21.691 103.627    8.10 2.4 0.0 0.0 0.4        748
  20111219   13583690 21.878 103.493   16.10 1.9 0.0 0.0 0.8        749
  20111219   14062070 21.861 103.528    7.50 1.2 0.0 0.0 0.6        750
  20111219   17012970 21.623 103.629   10.90 1.8 0.0 0.0 0.6        751
  20111220   11152690 21.665 103.714    3.30 1.6 0.0 0.0 0.3        752
  20111224   05380180 21.876 103.846    2.00 1.2 0.0 0.0 0.3        753
  20111225   21390200 21.799 103.535   13.00 1.8 0.0 0.0 0.3        754
  20111226   20164330 21.604 103.959    9.40 1.2 0.0 0.0 0.3        755
  20111226   20233390 21.588 103.975    4.70 1.2 0.0 0.0 0.2        756
  20111226   20243030 21.591 103.973    6.20 1.2 0.0 0.0 0.2        757
  20111226   20380200 21.591 103.976    5.80 1.1 0.0 0.0 0.2        758
  20111227   08300340 21.644 103.725    4.20 2.2 0.0 0.0 0.4        759
  20111227   10352800 21.561 103.993   10.70 1.5 0.0 0.0 0.5        760
  20111227   22122680 21.635 103.653    1.70 1.1 0.0 0.0 0.5        761
  20111227   22140160 21.647 103.648    3.00 1.5 0.0 0.0 0.5        762
  20111228   05483630 21.985 100.635   10.90 3.4 0.0 0.0 1.1        763
  20111228   17101950 21.202 101.887   12.70 2.6 0.0 0.0 1.0        764
  20111229   20302510 21.543 103.989    2.60 1.5 0.0 0.0 0.6        765
  20111229   20362020 21.564 103.988    7.80 0.8 0.0 0.0 0.3        766
  20111230   04453980 21.543 103.986    5.80 1.8 0.0 0.0 0.7        767
  20111230   05435160 21.561 103.992    9.10 1.3 0.0 0.0 0.3        768
  20111230   16224360 21.569 103.992    8.30 0.8 0.0 0.0 0.2        769
  20111230   18122040 21.697 103.561   14.00 1.5 0.0 0.0 0.3        770
  20120105   18031840 21.547 103.985    5.80 1.7 0.0 0.0 0.7        771
  20120105   18293470 21.546 103.990    2.90 1.1 0.0 0.0 0.8        772
  20120106   17565430 21.638 103.935    5.70 0.7 0.0 0.0 0.3        773
  20120107   14291130 21.973 103.449    0.00 2.0 0.0 0.0 0.6        774
  20120108   05070720 21.808 103.856   16.80 1.6 0.0 0.0 0.3        775
  20120108   15573060 21.828 103.840    7.90 1.4 0.0 0.0 0.2        776
  20120108   22431960 21.578 103.989    7.30 0.7 0.0 0.0 0.2        777
  20120109   09240000 21.656 103.719    6.20 2.1 0.0 0.0 0.2        778
  20120111   18031530 21.677 103.707    1.70 1.0 0.0 0.0 0.5        779
  20120113   10144100 21.848 103.856   14.30 1.4 0.0 0.0 0.3        780
  20120113   22175540 21.724 103.630    1.60 1.2 0.0 0.0 0.5        781
  20120115   04422910 22.083 103.457    1.80 1.7 0.0 0.0 0.7        782
  20120115   08092970 21.741 103.628    1.70 1.7 0.0 0.0 0.5        783
  20120120   14263400 21.981 103.452    0.00 1.9 0.0 0.0 0.7        784
  20120121   11542510 21.634 103.668   11.30 3.3 0.0 0.0 0.8        785
  20120125   02582110 21.641 103.671   11.80 2.9 0.0 0.0 0.9        786
  20120126   14431810 21.638 103.658    2.20 1.4 0.0 0.0 0.4        787
  20120130   13595840 21.969 103.443    0.10 2.4 0.0 0.0 0.7        788
  20120130   21131690 21.389 103.916   11.00 1.8 0.0 0.0 0.3        789
  20120131   00385310 21.976 103.440    0.00 2.2 0.0 0.0 0.7        790
  20120131   06311729 21.480 104.012    6.60 1.9 0.0 0.0 0.2        791
  20120131   07044210 21.963 103.431    0.00 1.8 0.0 0.0 0.7        792
  20120131   08181490 21.984 103.432   16.00 2.2 0.0 0.0 0.6        793
  20120131   15582510 21.978 103.457    0.00 2.4 0.0 0.0 0.6        794
  20120203   11041530 21.299 104.039   10.30 1.6 0.0 0.0 0.5        795
  20120205   01420510 21.996 103.451   15.00 2.4 0.0 0.0 0.7        796
  20120205   02281790 21.996 103.450    7.90 2.4 0.0 0.0 0.5        797
  20120205   03380130 21.989 103.447    0.00 2.4 0.0 0.0 0.6        798
  20120207   16353890 21.990 103.431   16.10 2.7 0.0 0.0 0.9        799
  20120208   05545620 21.501 103.991    6.70 1.7 0.0 0.0 0.2        800
  20120208   14000960 21.493 103.989    3.60 1.8 0.0 0.0 0.4        801
  20120209   13024580 22.867 103.848    7.60 2.2 0.0 0.0 1.3        802
  20120210   15083680 20.498 100.455    7.50 3.1 0.0 0.0 1.5        803
  20120211   09220419 22.087 103.405   20.00 2.9 0.0 0.0 0.7        804
  20120211   17062840 21.738 103.636    1.20 1.9 0.0 0.0 0.5        805
  20120213   22161500 21.918 103.478   26.80 1.9 0.0 0.0 0.6        806
  20120213   22454970 21.475 103.187    7.50 1.5 0.0 0.0 0.4        807
  20120219   00553259 24.009 104.771   33.10 3.5 0.0 0.0 1.1        808
  20120219   10332770 21.349 104.209    7.10 1.5 0.0 0.0 0.5        809
  20120220   09123180 22.615 103.887    5.60 2.6 0.0 0.0 0.6        810
  20120222   12364770 24.210 102.569   15.00 3.6 0.0 0.0 1.3        811
  20120226   01551879 23.234 101.573    7.50 3.3 0.0 0.0 1.7        812
  20120226   20415790 21.667 103.633    3.30 1.9 0.0 0.0 0.5        813
  20120228   18003130 21.581 103.661    1.70 1.2 0.0 0.0 0.5        814
  20120301   14561970 21.495 104.003    7.60 1.2 0.0 0.0 0.1        815
  20120303   04332640 21.386 103.719    2.40 1.0 0.0 0.0 0.4        816
  20120304   01242120 23.949 103.363   14.40 3.8 0.0 0.0 0.8        817
  20120304   03021390 21.349 104.224    9.30 1.3 0.0 0.0 0.2        818
  20120305   19524420 20.897 104.638   18.20 2.0 0.0 0.0 0.9        819
  20120306   11265430 21.929 103.446   12.60 2.3 0.0 0.0 0.3        820
  20120307   05134710 21.939 103.418   15.60 1.9 0.0 0.0 0.3        821
  20120307   07405870 21.959 103.405    1.70 1.7 0.0 0.0 0.5        822
  20120313   10575350 23.191 104.348   33.30 2.1 0.0 0.0 0.7        823
  20120313   22172940 21.694 103.631    2.00 1.5 0.0 0.0 0.5        824
  20120316   01364570 21.484 104.004    7.50 1.8 0.0 0.0 0.2        825
  20120321   02434170 21.642 103.632    2.00 1.4 0.0 0.0 0.3        826
  20120404   21440080 21.630 103.829   11.40 1.7 0.0 0.0 0.5        827
  20120405   01064040 21.488 103.997    6.40 2.2 0.0 0.0 0.4        828
  20120406   05323809 21.873 103.849   11.60 1.6 0.0 0.0 0.4        829
  20120406   09293470 21.565 103.993    8.10 1.5 0.0 0.0 0.2        830
  20120407   10260340 21.113 102.640    6.90 2.7 0.0 0.0 0.8        831
  20120408   02043230 21.472 103.996    2.40 1.2 0.0 0.0 0.8        832
  20120408   02515870 21.487 103.996    3.80 1.4 0.0 0.0 0.5        833
  20120408   06532230 21.504 103.998    7.50 1.3 0.0 0.0 0.2        834
  20120410   00210110 21.502 104.007    9.10 1.3 0.0 0.0 0.1        835
  20120410   00480209 21.503 104.011    8.50 1.7 0.0 0.0 0.2        836
  20120410   04300910 21.498 104.005    8.70 1.8 0.0 0.0 0.2        837
  20120410   05444040 21.481 103.995    5.40 2.0 0.0 0.0 0.7        838
  20120412   14251310 21.478 104.004    6.00 1.7 0.0 0.0 0.5        839
  20120412   22510190 21.479 103.997    3.10 1.8 0.0 0.0 0.7        840
  20120413   01440939 21.470 104.002    2.90 1.5 0.0 0.0 0.7        841
  20120414   23271720 23.687 103.086    7.50 3.0 0.0 0.0 0.6        842
  20120423   16164650 21.717 103.634    2.70 1.2 0.0 0.0 0.5        843
  20120424   12013759 21.578 103.986    8.30 1.2 0.0 0.0 0.2        844
  20120425   11273390 21.962 103.442   10.80 2.5 0.0 0.0 0.4        845
  20120425   20092510 21.476 103.991    2.90 1.1 0.0 0.0 0.8        846
  20120430   14065730 21.578 102.483    9.00 2.4 0.0 0.0 0.9        847
  20120508   18504650 22.400 102.287    7.50 4.1 0.0 0.0 0.7        848
  20120512   07260970 21.496 104.005   12.00 2.7 0.0 0.0 0.3        849
  20120514   17570989 22.663 100.387    6.20 4.1 0.0 0.0 1.6        850
  20120515   21322750 23.700 102.832    0.10 3.4 0.0 0.0 1.1        851
  20120527   07060910 20.863 103.390   11.80 3.0 0.0 0.0 0.5        852
  20120601   18512210 20.883 103.445   16.10 1.8 0.0 0.0 0.5        853
  20120603   15552590 20.857 103.420    7.40 2.2 0.0 0.0 0.5        854
  20120609   02050790 22.453 102.667   16.10 2.7 0.0 0.0 0.8        855
  20120617   20333700 20.749 103.166    9.90 2.6 0.0 0.0 1.1        856
  20120627   22055290 21.574 103.987    6.50 1.4 0.0 0.0 0.1        857
  20120704   06473709 21.568 103.931    6.50 1.8 0.0 0.0 0.3        858
  20120711   09594580 21.477 103.994    4.50 2.0 0.0 0.0 0.7        859
  20120727   18180230 21.693 103.405    7.50 2.2 0.0 0.0 0.3        860
  20120730   03430610 21.609 103.652    4.10 2.6 0.0 0.0 0.5        861
  20120804   22105190 21.574 103.951    8.60 1.5 0.0 0.0 0.2        862
  20120812   22264820 21.513 103.751    5.10 1.5 0.0 0.0 0.5        863
  20120819   10104880 21.821 103.547   11.60 2.7 0.0 0.0 0.5        864
  20120901   07014370 21.590 103.968    7.20 1.6 0.0 0.0 0.2        865
  20120904   15093209 23.033 103.471    9.50 3.1 0.0 0.0 0.9        866
  20120911   09003280 22.820 106.165   14.50 3.1 0.0 0.0 1.1        867
  20120917   23283440 23.305 100.101    8.00 3.8 0.0 0.0 1.3        868
  20120920   19141540 23.328 103.953    7.50 3.2 0.0 0.0 1.0        869
  20120922   14460680 22.834 103.899   12.40 2.4 0.0 0.0 0.7        870
  20120923   15325880 22.619 103.263   19.80 2.7 0.0 0.0 1.3        871
  20120929   12570180 19.397 105.085    7.50 2.8 0.0 0.0 1.3        872
  20120929   15463420 19.436 105.114    7.50 2.8 0.0 0.0 1.2        873
  20121002   08270360 22.541 103.973    0.00 2.2 0.0 0.0 1.2        874
  20121003   03184210 20.939 106.967   10.00 4.4 0.0 0.0 1.1        875
  20121006   21582550 21.652 103.639    3.00 1.9 0.0 0.0 0.4        876
  20121010   02224790 23.430 103.292    7.50 2.9 0.0 0.0 1.2        877
  20121014   23080200 25.117 102.226   10.80 4.2 0.0 0.0 1.5        878
  20121016   01273659 22.101 103.402   16.10 2.8 0.0 0.0 0.6        879
  20121024   11431360 23.453 103.420   26.90 2.4 0.0 0.0 1.3        880
  20121101   18014680 21.529 104.028   10.70 2.5 0.0 0.0 0.8        881
  20121104   19422540 21.671 104.209    7.50 1.8 0.0 0.0 0.7        882
  20121105   22050800 21.498 104.008   13.10 2.3 0.0 0.0 1.0        883
  20121106   20144630 21.277 104.263   16.10 2.0 0.0 0.0 0.6        884
  20121107   18420290 20.934 106.973    7.50 3.7 0.0 0.0 1.5        885
  20121122   20313160 18.600 104.508    7.50 3.9 0.0 0.0 1.5        886
  20121130   09401380 18.635 104.526   13.10 3.7 0.0 0.0 1.2        887
  20130109   10173520 21.519 106.213    2.40 1.0 0.0 0.0 0.2        888
  20130113   07453240 20.908 107.210    0.00 1.9 0.0 0.0 1.1        889
  20130116   04424430 21.528 106.213    2.10 1.5 0.0 0.0 0.2        890
  20130117   10113180 20.608 106.995    7.50 2.8 0.0 0.0 0.1        891
  20130119   12383270 20.220 104.900    7.50 2.7 0.0 0.0 0.9        892
  20130120   08430419 20.913 107.201    0.00 2.3 0.0 0.0 0.8        893
  20130120   08451729 20.922 107.284    0.00 1.9 0.0 0.0 0.3        894
  20130120   10215820 21.871 106.770    6.50 1.6 0.0 0.0 0.5        895
  20130121   08193890 21.192 102.897   13.20 3.1 0.0 0.0 0.4        896
  20130124   08135120 20.960 107.318    0.00 2.6 0.0 0.0 0.7        897
  20130125   18094370 21.261 106.300    7.50 1.9 0.0 0.0 0.5        898
  20130130   12320839 23.456 104.396   12.10 2.6 0.0 0.0 0.6        899
  20130201   05280130 20.950 106.916    7.50 2.2 0.0 0.0 0.3        900
  20130201   05294480 21.030 107.185    0.00 1.6 0.0 0.0 0.5        901
  20130201   08293370 21.022 107.309    0.00 2.6 0.0 0.0 0.2        902
  20130206   07583230 22.494 105.903   26.10 2.4 0.0 0.0 0.3        903
  20130206   08080540 20.935 107.374    0.00 2.8 0.0 0.0 0.7        904
  20130207   01075210 21.837 107.095    7.50 2.1 0.0 0.0 0.1        905
  20130207   17494980 19.286 101.985    0.00 3.5 0.0 0.0 1.1        906
  20130208   15314890 22.007 107.129    0.00 2.1 0.0 0.0 0.7        907
  20130219   19211729 23.805 107.367   33.00 4.5 0.0 0.0 0.9        908
  20130220   05015730 23.183 101.536   11.00 4.4 0.0 0.0 1.7        909
  20130222   08145640 20.974 107.300    0.00 2.6 0.0 0.0 0.2        910
  20130224   23572750 21.927 103.425   16.10 3.2 0.0 0.0 1.1        911
  20130226   08175880 20.967 107.294    0.00 2.7 0.0 0.0 0.2        912
  20130228   08080860 20.960 107.349    0.00 2.8 0.0 0.0 0.8        913
  20130303   07331950 20.976 107.156    0.00 2.3 0.0 0.0 0.2        914
  20130308   08503759 22.662 105.905   14.10 2.7 0.0 0.0 0.4        915
  20130309   08154680 20.995 107.240    0.00 2.6 0.0 0.0 0.4        916
  20130309   08541040 21.009 107.235    0.00 2.4 0.0 0.0 0.2        917
  20130310   07592010 20.528 101.850   14.80 3.1 0.0 0.0 1.1        918
  20130310   08530490 20.948 107.332    0.00 2.4 0.0 0.0 0.9        919
  20130318   03523959 21.914 107.009    0.00 1.7 0.0 0.0 0.4        920
  20130319   01471210 23.099 100.981    7.50 3.8 0.0 0.0 1.0        921
  20130319   03470320 23.171 100.958   12.50 3.6 0.0 0.0 0.9        922
  20130319   04292090 21.899 106.690   12.00 1.4 0.0 0.0 0.1        923
  20130320   08515650 21.000 107.312    7.50 2.3 0.0 0.0 0.2        924
  20130322   00095430 23.123 100.998    7.50 3.7 0.0 0.0 1.0        925
  20130323   08091979 20.987 107.253    0.00 2.6 0.0 0.0 0.2        926
  20130326   08141940 20.973 107.446    0.00 2.9 0.0 0.0 0.8        927
  20130327   21242370 21.912 107.067   17.10 2.2 0.0 0.0 0.3        928
  20130328   08424550 21.016 107.285    0.00 2.3 0.0 0.0 0.2        929
  20130330   04084940 21.851 106.792    2.00 1.8 0.0 0.0 0.6        930
  20130406   20260800 22.927 101.099    0.00 2.9 0.0 0.0 1.1        931
  20130414   11125120 21.938 106.653    7.90 1.5 0.0 0.0 0.1        932
  20130415   08214860 21.012 107.349    0.00 2.7 0.0 0.0 0.4        933
  20130420   08292400 20.994 107.327    0.00 2.6 0.0 0.0 0.7        934
  20130421   01295700 23.385 101.632   16.10 3.9 0.0 0.0 0.8        935
  20130425   08140320 21.011 107.275    0.00 2.7 0.0 0.0 0.2        936
  20130426   08185770 20.985 107.287    0.00 2.5 0.0 0.0 0.2        937
  20130428   08261210 21.087 107.329    0.00 2.2 0.0 0.0 0.2        938
  20130504   08152580 21.030 107.257    0.00 2.6 0.0 0.0 0.2        939
  20130505   23004980 21.009 106.948    0.00 2.1 0.0 0.0 0.3        940
  20130524   04180889 22.508 101.187    7.50 3.4 0.0 0.0 1.5        941
  20130528   18311580 23.917 100.066    7.50 3.4 0.0 0.0 1.4        942
  20130714   11111290 21.877 106.834    7.70 2.0 0.0 0.0 0.1        943
  20130726   02230810 21.191 102.465    7.50 3.1 0.0 0.0 1.4        944
  20130809   19161590 20.683 104.926   12.60 2.8 0.0 0.0 0.7        945
  20130922   09592890 21.499 100.615    7.50 4.1 0.0 0.0 0.9        946
  20130923   23184840 21.422 100.623   11.40 3.6 0.0 0.0 0.8        947
  20130925   23215600 21.691 106.320   43.70 1.9 0.0 0.0 0.2        948
  20130928   09261720 21.770 106.459   12.00 1.2 0.0 0.0 0.4        949
  20131001   21405630 20.524 100.280   33.00 2.3 0.0 0.0 0.5        950
  20131005   04193100 21.852 106.831    7.50 2.0 0.0 0.0 0.1        951
  20131006   05135980 21.553 106.492    7.50 1.2 0.0 0.0 0.2        952
  20131009   04090889 21.968 106.694    7.50 1.8 0.0 0.0 0.7        953
  20131009   08525750 20.999 107.338    0.00 2.5 0.0 0.0 0.2        954
  20131011   10302760 21.860 106.810    7.50 1.9 0.0 0.0 0.4        955
  20131012   08154460 20.957 107.251    0.00 2.6 0.0 0.0 0.3        956
  20131012   20480839 22.357 102.504   16.10 2.8 0.0 0.0 0.4        957
  20131013   04280810 21.817 106.786    0.00 1.4 0.0 0.0 0.2        958
  20131015   04150510 21.838 106.733    7.50 1.6 0.0 0.0 0.3        959
  20131016   05591840 21.857 106.715    4.80 1.4 0.0 0.0 0.6        960
  20131017   04021620 21.824 106.765    6.00 1.1 0.0 0.0 0.1        961
  20131021   15100469 20.894 103.816    6.40 3.7 0.0 0.0 0.8        962
  20131101   04315040 21.973 106.639    0.00 1.4 0.0 0.0 0.2        963
  20131103   04024900 21.993 106.691    7.40 2.0 0.0 0.0 0.5        964
  20131103   10233770 21.960 106.639    0.10 2.0 0.0 0.0 0.2        965
  20131104   04205850 21.840 106.767    0.90 1.3 0.0 0.0 0.1        966
  20131104   10411000 21.863 106.822   10.40 1.7 0.0 0.0 0.2        967
  20131105   10135650 21.844 106.809    3.70 1.9 0.0 0.0 0.5        968
  20131106   09453240 21.880 107.016    7.50 2.0 0.0 0.0 0.3        969
  20131107   04032020 21.845 106.841    7.50 1.2 0.0 0.0 0.1        970
  20131112   15521750 19.895 101.687    7.50 2.1 0.0 0.0 0.8        971
  20131114   10110230 21.918 106.776   15.70 1.6 0.0 0.0 0.2        972
  20131115   10082330 21.890 106.807   17.60 1.5 0.0 0.0 0.2        973
  20131117   06533390 22.461 105.847    7.50 2.2 0.0 0.0 0.6        974
  20131121   04015140 21.971 106.716   11.70 2.0 0.0 0.0 0.4        975
  20131121   10024130 22.028 106.686    7.50 2.1 0.0 0.0 0.5        976
  20131124   09345420 21.560 106.487    1.30 1.6 0.0 0.0 0.3        977
  20131125   10062490 22.002 106.679    7.50 1.8 0.0 0.0 0.3        978
  20131202   10082110 21.878 106.800   11.60 1.5 0.0 0.0 0.2        979
  20131203   04260030 21.692 107.047    0.00 1.4 0.0 0.0 1.1        980
  20131204   03542430 22.000 106.692    7.50 1.7 0.0 0.0 0.5        981
  20131204   04281120 21.813 106.758    2.10 1.2 0.0 0.0 0.1        982
  20131205   04311910 21.830 106.740    7.50 1.7 0.0 0.0 0.3        983
  20131207   10203160 21.990 106.717   13.20 1.6 0.0 0.0 0.2        984
  20131210   08172620 20.997 107.277    0.00 2.6 0.0 0.0 0.4        985
  20131216   08164490 21.844 106.834    4.30 1.5 0.0 0.0 0.3        986
  20131219   09172990 21.966 106.775   19.30 1.4 0.0 0.0 0.2        987
  20131226   09455260 21.840 106.869    1.90 1.9 0.0 0.0 0.4        988
  20131226   12202290 21.925 103.755   11.00 2.5 0.0 0.0 0.5        989
  20131230   09534050 21.839 106.866    4.00 2.1 0.0 0.0 0.4        990
  20140101   02370850 22.079 106.633    6.10 1.1 0.0 0.0 0.4        991
  20140102   04114520 21.843 106.815    1.50 1.5 0.0 0.0 0.4        992
  20140108   00001380 21.441 101.966    7.50 2.9 0.0 0.0 0.6        993
  20140111   05560610 20.858 103.845    7.50 3.2 0.0 0.0 1.3        994
  20140122   07350440 20.757 107.186   34.10 2.3 0.0 0.0 0.6        995
  20140128   00431820 22.643 103.268   16.20 2.6 0.0 0.0 0.7        996
  20140128   05515960 23.119 106.143   11.70 2.2 0.0 0.0 0.6        997
  20140128   12015950 22.529 101.231   10.70 4.4 0.0 0.0 1.2        998
  20140205   06310050 21.494 103.226    7.50 2.4 0.0 0.0 0.9        999
  20140205   19242680 23.301 107.322   14.10 2.5 0.0 0.0 0.9       1000
  20140207   08110410 20.962 107.225   15.70 2.4 0.0 0.0 0.8       1001
  20140207   08461950 20.874 107.237   15.10 2.2 0.0 0.0 1.1       1002
  20140208   04545280 21.871 106.793    2.20 1.2 0.0 0.0 0.8       1003
  20140209   07225150 20.851 107.164   32.90 2.1 0.0 0.0 0.7       1004
  20140209   08462340 20.937 107.196    1.00 2.5 0.0 0.0 0.9       1005
  20140209   11365770 21.462 103.248    9.30 2.9 0.0 0.0 0.5       1006
  20140209   19383100 21.447 103.235   13.20 1.6 0.0 0.0 0.6       1007
  20140210   08135110 21.002 107.211   14.00 2.6 0.0 0.0 0.7       1008
  20140210   08414700 20.974 107.268    7.50 2.7 0.0 0.0 0.8       1009
  20140210   08435910 21.003 107.232   16.80 2.4 0.0 0.0 0.4       1010
  20140210   10434080 21.033 107.219   20.30 2.0 0.0 0.0 0.6       1011
  20140211   07355020 20.969 107.181   16.00 2.4 0.0 0.0 0.7       1012
  20140211   08191400 20.992 107.218    0.00 2.6 0.0 0.0 0.9       1013
  20140211   08503670 20.925 107.311    0.00 2.5 0.0 0.0 1.1       1014
  20140211   08541380 21.044 107.153    0.00 2.3 0.0 0.0 0.9       1015
  20140211   12180730 21.889 103.522    7.50 2.2 0.0 0.0 0.6       1016
  20140212   08195830 20.935 107.271    0.00 2.5 0.0 0.0 0.6       1017
  20140212   08460430 21.011 107.290   11.70 2.5 0.0 0.0 1.0       1018
  20140212   08490930 20.938 107.187    0.00 2.2 0.0 0.0 1.0       1019
  20140212   08524880 21.007 107.259   16.10 2.6 0.0 0.0 1.0       1020
  20140213   08235010 21.030 107.181   15.80 2.7 0.0 0.0 0.8       1021
  20140214   03590530 21.942 106.645    1.20 1.1 0.0 0.0 0.2       1022
  20140214   07282830 20.854 107.175   30.90 2.2 0.0 0.0 0.6       1023
  20140214   08235820 20.951 107.255    0.00 2.7 0.0 0.0 0.8       1024
  20140214   08451800 20.997 107.210   15.90 2.3 0.0 0.0 1.0       1025
  20140214   08560530 20.974 107.275    0.00 2.4 0.0 0.0 0.6       1026
  20140215   04411910 20.985 107.182    0.00 2.3 0.0 0.0 0.9       1027
  20140215   05405810 21.544 106.504    1.70 1.3 0.0 0.0 0.2       1028
  20140215   07230460 20.815 107.090    0.00 2.2 0.0 0.0 0.8       1029
  20140215   08144490 20.971 107.207    0.00 2.4 0.0 0.0 1.0       1030
  20140215   08425230 21.013 107.267    0.00 2.1 0.0 0.0 0.3       1031
  20140215   08454870 20.961 107.278    0.00 2.5 0.0 0.0 0.9       1032
  20140216   07170380 20.949 107.051    0.00 1.4 0.0 0.0 1.0       1033
  20140216   07170260 20.899 107.123    0.00 2.1 0.0 0.0 0.7       1034
  20140216   07331400 21.059 107.279    0.00 1.9 0.0 0.0 0.6       1035
  20140216   08122810 21.014 107.186    0.00 2.3 0.0 0.0 0.6       1036
  20140216   08434710 20.988 107.200    0.00 2.3 0.0 0.0 0.9       1037
  20140216   08572000 20.993 107.232    0.00 2.5 0.0 0.0 0.8       1038
  20140216   10351280 22.125 106.644    0.90 1.3 0.0 0.0 0.4       1039
  20140217   08202910 20.914 107.225    0.00 2.6 0.0 0.0 0.9       1040
  20140217   17043490 21.966 106.479    7.50 1.8 0.0 0.0 0.2       1041
  20140218   08264210 20.962 107.200    0.00 2.7 0.0 0.0 1.1       1042
  20140218   08510889 21.063 107.155    0.00 2.0 0.0 0.0 0.8       1043
  20140218   08544490 20.932 107.178    0.00 1.5 0.0 0.0 1.0       1044
  20140218   09544300 20.920 107.235    0.00 2.3 0.0 0.0 0.9       1045
  20140218   10243570 22.011 106.717   11.10 1.4 0.0 0.0 0.2       1046
  20140219   08512480 21.014 107.134    0.00 2.4 0.0 0.0 0.9       1047
  20140220   06553110 21.555 106.498    1.00 1.4 0.0 0.0 0.1       1048
  20140220   09095030 20.991 107.217    0.00 2.4 0.0 0.0 0.6       1049
  20140220   09141829 20.975 107.229    0.00 2.0 0.0 0.0 0.4       1050
  20140220   10093670 22.024 106.709   11.30 1.2 0.0 0.0 0.1       1051
  20140220   15232500 21.464 103.993   11.10 1.8 0.0 0.0 0.4       1052
  20140221   08192210 21.017 107.170    0.00 2.2 0.0 0.0 1.3       1053
  20140221   08411870 21.012 107.205    0.00 2.3 0.0 0.0 0.7       1054
  20140221   09033070 20.987 107.174    0.00 2.1 0.0 0.0 0.7       1055
  20140221   10033959 22.035 106.700   11.20 1.2 0.0 0.0 0.1       1056
  20140221   11135370 21.985 107.535    7.50 1.9 0.0 0.0 0.3       1057
  20140222   04015060 20.459 105.847   20.10 1.9 0.0 0.0 0.7       1058
  20140222   07594860 20.978 107.210    0.00 2.6 0.0 0.0 0.9       1059
  20140222   08484510 20.950 107.204    0.00 2.4 0.0 0.0 1.0       1060
  20140223   06570950 20.942 107.059    0.00 2.4 0.0 0.0 1.0       1061
  20140223   08025820 20.973 107.125    0.00 2.3 0.0 0.0 1.1       1062
  20140223   08511540 20.992 107.120    0.00 2.1 0.0 0.0 0.5       1063
  20140223   08561820 20.943 107.259    0.00 2.6 0.0 0.0 0.8       1064
  20140224   08402120 20.960 107.218    0.00 2.4 0.0 0.0 1.0       1065
  20140226   10421650 21.870 106.828    8.70 1.3 0.0 0.0 0.3       1066
  20140226   19365220 22.811 105.405    7.50 2.5 0.0 0.0 0.7       1067
  20140227   09221390 22.033 106.697    8.80 1.4 0.0 0.0 0.2       1068
  20140301   23034420 20.480 105.884    4.10 1.8 0.0 0.0 0.3       1069
  20140302   04172140 21.925 106.664    6.10 1.4 0.0 0.0 0.2       1070
  20140302   10402340 21.533 106.196    4.80 1.1 0.0 0.0 0.1       1071
  20140303   02165570 22.008 103.393   16.00 2.8 0.0 0.0 0.6       1072
  20140304   21503160 21.862 103.409    7.50 2.1 0.0 0.0 0.5       1073
  20140307   08002050 21.504 103.962   14.90 3.0 0.0 0.0 0.7       1074
  20140309   02101070 22.654 102.396    3.10 2.6 0.0 0.0 0.5       1075
  20140314   04035790 22.004 106.685    7.50 1.8 0.0 0.0 0.1       1076
  20140318   07491360 22.012 106.709   12.70 1.3 0.0 0.0 0.1       1077
  20140318   08032780 20.972 107.243    0.00 2.5 0.0 0.0 0.9       1078
  20140318   08455000 20.927 107.241    0.00 2.2 0.0 0.0 1.2       1079
  20140318   08561310 20.961 107.189    0.00 2.1 0.0 0.0 0.8       1080
  20140318   10241470 21.004 107.077    0.00 1.7 0.0 0.0 0.6       1081
  20140318   11023520 21.086 107.245    0.00 2.1 0.0 0.0 0.2       1082
  20140319   06160290 20.930 107.081    0.00 2.4 0.0 0.0 0.8       1083
  20140320   04085020 21.925 106.757   15.30 1.8 0.0 0.0 0.0       1084
  20140320   08065260 21.035 107.094    0.00 2.4 0.0 0.0 0.7       1085
  20140320   08372890 21.015 107.164    0.00 2.0 0.0 0.0 0.9       1086
  20140320   09470980 20.992 107.274    0.00 2.1 0.0 0.0 0.3       1087
  20140320   10105870 20.991 107.224    0.00 2.2 0.0 0.0 0.6       1088
  20140320   11062650 21.860 106.707    7.50 1.3 0.0 0.0 0.5       1089
  20140320   23304970 22.201 103.484    7.50 2.3 0.0 0.0 0.8       1090
  20140321   04013250 21.876 106.813   12.30 1.8 0.0 0.0 0.1       1091
  20140323   07133420 20.934 107.064    0.00 2.3 0.0 0.0 0.7       1092
  20140324   02425350 20.864 105.048    8.30 1.8 0.0 0.0 0.3       1093
  20140324   08185850 20.466 105.200    6.20 1.8 0.0 0.0 0.2       1094
  20140325   08204650 20.937 107.211    0.00 1.8 0.0 0.0 0.7       1095
  20140325   08443750 21.925 106.810   16.10 1.5 0.0 0.0 0.1       1096
  20140325   09353600 20.523 105.873    0.10 1.7 0.0 0.0 0.3       1097
  20140326   05244150 21.563 106.491    7.90 1.2 0.0 0.0 0.1       1098
  20140326   07172820 20.870 107.073    0.00 2.1 0.0 0.0 1.2       1099
  20140326   07231700 20.874 107.078    0.00 1.8 0.0 0.0 1.1       1100
  20140326   08564780 20.978 107.196    0.00 2.4 0.0 0.0 0.8       1101
  20140327   05013670 21.946 106.990    8.10 2.0 0.0 0.0 0.4       1102
  20140327   07345660 22.053 106.683    7.50 1.1 0.0 0.0 0.2       1103
  20140328   09561380 21.993 106.693    6.00 1.3 0.0 0.0 0.1       1104
  20140328   10082020 21.587 107.862   16.00 2.0 0.0 0.0 0.1       1105
  20140328   23165970 21.993 106.694    6.00 1.5 0.0 0.0 0.1       1106
  20140331   00552510 21.973 106.732   16.10 1.8 0.0 0.0 0.1       1107
  20140331   03083980 22.433 102.313    7.50 3.2 0.0 0.0 0.9       1108
  20140401   05334150 21.951 106.654    7.50 1.1 0.0 0.0 0.1       1109
  20140401   09434090 20.473 105.222    2.50 1.8 0.0 0.0 0.5       1110
  20140402   23085760 21.955 106.731   14.40 1.7 0.0 0.0 0.1       1111
  20140404   05264070 20.485 105.199    7.50 1.9 0.0 0.0 0.4       1112
  20140404   09165560 21.658 106.417   16.10 1.3 0.0 0.0 0.1       1113
  20140404   17203990 20.649 105.070    6.70 0.9 0.0 0.0 0.0       1114
  20140406   04594860 21.813 106.763    6.00 1.7 0.0 0.0 0.2       1115
  20140406   05411720 20.390 105.915   20.50 1.8 0.0 0.0 0.8       1116
  20140408   01481720 21.909 106.753   12.60 1.9 0.0 0.0 0.1       1117
  20140408   04511250 21.981 106.622    7.50 1.5 0.0 0.0 0.4       1118
  20140409   04251270 21.949 106.650    6.00 1.4 0.0 0.0 0.1       1119
  20140410   01370230 21.858 106.811    7.50 1.7 0.0 0.0 0.5       1120
  20140411   08034930 21.937 106.776   15.40 1.5 0.0 0.0 0.5       1121
  20140413   18374250 22.111 105.793   16.70 2.1 0.0 0.0 0.4       1122
  20140414   04315770 21.857 106.766    1.90 1.6 0.0 0.0 0.5       1123
  20140414   05272220 21.567 106.490    7.90 1.5 0.0 0.0 0.1       1124
  20140414   21013630 23.088 102.980    0.40 2.7 0.0 0.0 0.8       1125
  20140416   07273590 22.433 105.837    0.10 2.4 0.0 0.0 0.4       1126
  20140416   07560690 21.550 106.498    3.80 1.4 0.0 0.0 0.1       1127
  20140417   02021310 21.678 106.266    7.50 2.1 0.0 0.0 0.7       1128
  20140417   02263690 21.665 106.284    2.40 1.6 0.0 0.0 0.3       1129
  20140417   03570810 21.992 106.707    7.50 1.9 0.0 0.0 0.4       1130
  20140419   18353980 24.287 103.945    7.50 3.9 0.0 0.0 1.1       1131
  20140421   04074470 22.073 106.684    2.20 1.8 0.0 0.0 1.0       1132
  20140421   21151590 19.909 105.212   22.00 2.2 0.0 0.0 0.7       1133
  20140422   10132240 22.002 106.726   14.00 1.3 0.0 0.0 0.1       1134
  20140422   12300780 20.608 104.951    3.10 1.4 0.0 0.0 0.1       1135
  20140425   10085580 20.479 105.204    7.50 1.9 0.0 0.0 0.4       1136
  20140428   08270780 20.950 107.262   10.00 2.1 0.0 0.0 0.8       1137
  20140428   10363859 21.893 106.682    3.70 1.1 0.0 0.0 0.0       1138
  20140429   10121970 21.976 106.745   16.10 1.7 0.0 0.0 0.1       1139
  20140501   18085080 21.597 100.980    7.50 3.9 0.0 0.0 1.2       1140
  20140503   04251300 20.999 107.228   17.90 2.3 0.0 0.0 0.7       1141
  20140503   11282440 20.585 105.170    7.10 2.2 0.0 0.0 0.5       1142
  20140505   21282040 20.212 104.909   16.40 2.0 0.0 0.0 0.6       1143
  20140506   05195420 21.563 106.492    2.20 1.0 0.0 0.0 0.1       1144
  20140507   04590220 21.544 106.504    2.90 1.2 0.0 0.0 0.1       1145
  20140510   10195710 20.767 105.671    2.90 1.5 0.0 0.0 0.3       1146
  20140520   06070200 21.398 102.976   10.60 3.1 0.0 0.0 0.7       1147
  20140521   05135870 21.556 106.488    7.50 1.5 0.0 0.0 0.2       1148
  20140605   05580780 23.443 103.132   14.90 2.7 0.0 0.0 0.7       1149
  20140606   21142580 20.809 103.421    7.50 3.0 0.0 0.0 0.8       1150
  20140615   21264940 22.282 101.996   29.30 2.6 0.0 0.0 1.0       1151
  20140624   19546000 21.720 103.553    6.80 2.5 0.0 0.0 0.7       1152
  20140626   12441130 21.280 102.945   11.60 4.0 0.0 0.0 1.1       1153
  20140629   04511300 22.686 102.327   11.10 3.9 0.0 0.0 1.1       1154
  20140719   12145720 21.590 103.992    7.50 4.4 0.0 0.0 1.0       1155
  20140719   13234640 21.550 103.995   16.10 2.4 0.0 0.0 0.7       1156
  20140719   14421629 21.607 103.992   10.40 3.2 0.0 0.0 0.7       1157
  20140719   15254000 21.612 103.974   14.10 2.7 0.0 0.0 0.6       1158
  20140722   11113920 21.033 104.765    7.50 3.3 0.0 0.0 0.8       1159
  20140724   21514920 21.566 103.973   16.20 2.8 0.0 0.0 0.5       1160
  20140810   21413340 21.518 104.023    7.90 3.0 0.0 0.0 0.6       1161
  20140812   15220490 21.546 103.976    0.10 2.9 0.0 0.0 1.1       1162
  20140819   23501770 21.609 103.940    7.50 4.1 0.0 0.0 0.7       1163
  20140820   00004210 21.605 103.992   15.90 2.8 0.0 0.0 0.9       1164
  20140820   08052350 21.595 103.997    7.50 3.0 0.0 0.0 1.0       1165
  20140820   16421929 24.837 102.300    7.50 3.6 0.0 0.0 1.2       1166
  20140827   10451140 22.969 101.022    7.50 4.4 0.0 0.0 1.1       1167
  20141002   21042520 21.567 104.003   15.40 2.3 0.0 0.0 0.5       1168
  20141005   09505160 21.512 103.960   23.90 2.4 0.0 0.0 0.6       1169
  20141007   13494100 23.374 100.449   14.80 6.6 0.0 0.0 1.2       1170
  20141010   11230860 20.818 103.143   33.00 2.7 0.0 0.0 0.8       1171
  20141118   18421820 22.874 101.987   10.20 3.5 0.0 0.0 1.0       1172
  20141205   18434530 23.313 100.476   10.30 5.2 0.0 0.0 1.3       1173
  20141206   10200000 23.326 100.487    7.50 5.4 0.0 0.0 1.4       1174
  20150106   22270080 20.183 104.897    9.70 2.8 0.0 0.0 1.1       1175
  20150217   11530410 20.899 104.832    7.50 3.5 0.0 0.0 0.8       1176
  20150220   22374790 23.003 101.648   10.40 4.5 0.0 0.0 1.1       1177
  20150314   22064250 20.641 104.931   14.10 2.5 0.0 0.0 0.5       1178
  20150625   23302010 23.228 103.179    7.50 3.1 0.0 0.0 0.8       1179
  20150628   13051440 20.304 102.479   26.20 3.5 0.0 0.0 0.8       1180
  20150629   01122940 20.312 102.467   15.30 3.7 0.0 0.0 1.3       1181
  20150629   13025800 22.513 102.656   11.10 2.5 0.0 0.0 0.8       1182
  20150701   20003470 22.989 103.433   10.20 3.4 0.0 0.0 1.1       1183
  20150702   18312530 23.805 102.271    7.50 2.7 0.0 0.0 0.9       1184
  20150703   10314760 23.043 103.380    7.00 3.4 0.0 0.0 1.0       1185
  20150727   19184610 23.216 103.633   33.00 3.0 0.0 0.0 0.7       1186
  20150813   15573709 23.448 103.528   33.00 3.4 0.0 0.0 1.0       1187
  20150814   02145860 19.692 103.237   14.50 3.6 0.0 0.0 0.9       1188
  20150913   09434630 22.991 103.496    6.90 3.6 0.0 0.0 0.6       1189
  20150914   20435650 22.962 103.464    7.50 3.2 0.0 0.0 1.0       1190
  20150917   13393800 21.662 103.464    6.30 2.7 0.0 0.0 0.9       1191
  20150919   10210280 21.342 103.806    7.50 3.0 0.0 0.0 1.0       1192
  20150920   16220250 21.578 103.605   15.30 2.7 0.0 0.0 0.8       1193
  20150921   15035620 21.611 103.618    7.50 3.6 0.0 0.0 0.9       1194
  20150924   01392490 21.629 103.644    9.40 2.9 0.0 0.0 0.3       1195
  20151007   15143270 20.893 104.841    7.00 3.3 0.0 0.0 0.8       1196
  20151102   18433380 22.696 101.932    7.50 4.2 0.0 0.0 1.2       1197
  20151207   21384440 22.618 100.453   33.10 3.7 0.0 0.0 1.2       1198
  20151208   23115360 21.900 102.186    7.50 2.7 0.0 0.0 0.7       1199
  20151214   08045050 22.557 102.529    7.50 3.3 0.0 0.0 1.0       1200
  20151228   06290419 21.819 103.533   10.40 3.5 0.0 0.0 1.0       1201
  20160102   08462110 22.467 102.569    7.50 3.0 0.0 0.0 0.6       1202
  20160103   16323240 21.663 103.409    8.10 2.6 0.0 0.0 0.6       1203
  20160121   13481600 21.207 102.735   12.90 4.1 0.0 0.0 0.5       1204
  20160213   17293390 23.084 101.858    7.50 3.3 0.0 0.0 1.0       1205
  20160304   12571879 22.568 102.324    8.40 2.6 0.0 0.0 0.6       1206
  20160305   11202300 21.698 101.353    7.50 4.9 0.0 0.0 1.2       1207
  20160307   01244190 22.523 102.028    7.50 4.8 0.0 0.0 1.1       1208
  20160422   23005740 21.921 102.261   14.60 4.7 0.0 0.0 0.9       1209
  20160424   18191120 21.966 102.243    7.50 3.7 0.0 0.0 1.0       1210
  20160516   13062860 21.936 102.291   15.70 4.2 0.0 0.0 0.7       1211
  20160826   15232010 20.889 103.425   33.00 3.1 0.0 0.0 0.6       1212
  20161027   10124610 20.298 104.475   14.30 4.1 0.0 0.0 0.8       1213
  20161202   20040170 21.244 104.068    3.30 2.7 0.0 0.0 0.9       1214
  20161208   16434490 22.570 101.985   12.40 4.2 0.0 0.0 1.0       1215
  20161216   01094200 21.875 103.155   14.10 2.9 0.0 0.0 0.7       1216
  20170304   05422400 20.707 101.815    7.20 2.9 0.0 0.0 1.1       1217
  20170421   14413430 20.710 105.047    7.50 3.5 0.0 0.0 1.1       1218
  20170423   13564680 21.261 103.341   18.80 2.0 0.0 0.0 0.8       1219
  20170430   16401040 24.253 102.407    7.50 3.8 0.0 0.0 0.9       1220
  20170824   07374710 21.430 103.300    7.50 3.2 0.0 0.0 0.7       1221
  20170927   20543090 20.909 105.224   12.20 2.4 0.0 0.0 0.8       1222
  20171023   04410040 20.973 101.939    7.50 3.9 0.0 0.0 1.4       1223
  20171216   10350910 23.058 101.667   12.10 3.3 0.0 0.0 0.8       1224
  20171225   08015600 21.472 102.936   16.10 3.4 0.0 0.0 0.7       1225
  20180102   15363540 23.347 101.742   33.10 2.6 0.0 0.0 1.4       1226
  20180104   05023500 22.720 103.973    7.50 2.1 0.0 0.0 0.8       1227
  20180106   05091350 22.002 102.351   26.50 2.2 0.0 0.0 0.5       1228
  20180107   20141929 21.355 103.298    7.50 4.0 0.0 0.0 0.9       1229
  20180107   21285740 21.346 103.298    7.50 2.5 0.0 0.0 1.3       1230
  20180108   23212240 21.384 103.259    7.50 4.9 0.0 0.0 1.1       1231
  20180109   13310190 21.936 102.243    7.50 3.5 0.0 0.0 1.5       1232
  20180113   04502580 21.376 103.321    7.50 3.4 0.0 0.0 1.0       1233
  20180114   06364520 18.268 104.904    7.50 4.8 0.0 0.0 1.3       1234
  20180114   15165990 21.351 103.330   11.40 3.1 0.0 0.0 1.0       1235
  20180118   00001560 21.993 101.138   11.20 3.4 0.0 0.0 1.1       1236
  20180120   18144570 21.414 103.305    9.70 2.3 0.0 0.0 0.5       1237
  20180125   04502210 22.616 103.809   16.10 1.9 0.0 0.0 1.2       1238
  20180127   23131829 21.601 102.437    7.50 2.6 0.0 0.0 0.4       1239
  20180202   03531100 21.968 102.302   15.30 3.0 0.0 0.0 0.9       1240
  20180202   21321829 22.925 102.005   13.10 2.9 0.0 0.0 1.1       1241
  20180203   04555850 22.578 103.831    0.00 1.9 0.0 0.0 0.9       1242
  20180208   22014000 20.800 103.407   13.70 2.2 0.0 0.0 1.3       1243
  20180209   12493959 21.391 103.302    7.50 3.9 0.0 0.0 1.0       1244
  20180209   14580460 22.260 100.896    7.50 5.0 0.0 0.0 1.4       1245
  20180216   22484570 22.695 102.157    7.50 2.2 0.0 0.0 1.0       1246
  20180218   17500910 21.941 103.840   10.30 1.5 0.0 0.0 0.7       1247
  20180220   14095810 24.388 100.889    6.30 4.2 0.0 0.0 1.2       1248
  20180222   15391690 22.223 101.823    9.00 2.7 0.0 0.0 0.7       1249
  20180228   17233690 23.163 102.988    7.50 3.2 0.0 0.0 0.9       1250
  20180228   17484500 23.062 102.817    7.50 2.7 0.0 0.0 0.7       1251
  20180312   20083230 19.915 105.271   13.10 2.9 0.0 0.0 1.0       1252
  20180313   04474710 22.477 103.957    3.40 2.0 0.0 0.0 0.9       1253
  20180318   20535440 21.714 104.251   12.10 1.8 0.0 0.0 0.6       1254
  20180326   04395770 21.595 103.949   16.30 2.6 0.0 0.0 0.8       1255
  20180415   11335960 20.703 103.059    0.00 3.1 0.0 0.0 0.7       1256
  20180521   13273240 23.660 103.286    7.50 3.4 0.0 0.0 0.4       1257
  20180608   20202029 23.163 102.463    2.00 3.4 0.0 0.0 0.8       1258
  20180619   01240370 23.051 103.919   16.50 3.3 0.0 0.0 0.8       1259
  20180703   14202450 23.367 103.842   15.20 3.2 0.0 0.0 1.0       1260
  20180820   20591450 21.261 103.699   16.20 3.4 0.0 0.0 0.2       1261
  20200727   05144850 20.939 104.709    7.00 5.1 0.0 0.0 1.0       1262
  20200727   05395610 20.921 104.711   15.00 2.8 0.0 0.0 0.8       1263
  20200727   08522510 20.929 104.704   13.20 3.0 0.0 0.0 0.8       1264
  20200727   09170740 20.915 104.729    7.00 2.9 0.0 0.0 1.4       1265
  20200727   23172140 20.929 104.732    7.00 3.0 0.0 0.0 0.6       1266
  20200728   01264370 20.920 104.725    7.90 3.5 0.0 0.0 0.7       1267
  20200728   05010670 20.946 104.725    7.00 2.8 0.0 0.0 1.2       1268
  20200728   11080500 20.928 104.733    4.20 3.0 0.0 0.0 0.5       1269
  20200728   13281740 20.920 104.733    2.80 2.9 0.0 0.0 0.5       1270
  20200803   10160410 20.907 104.746    6.70 3.2 0.0 0.0 0.6       1271
  20200804   15220839 20.944 104.694    8.20 2.6 0.0 0.0 0.7       1272
  20200806   23295100 20.933 104.709    7.00 2.9 0.0 0.0 0.8       1273
  20200817   01130920 20.912 104.741    7.40 3.9 0.0 0.0 0.6       1274
